COSMIC_ID,TTT>G,TTT>C,TTT>A,GTT>G,GTT>C,GTT>A,CTT>G,CTT>C,CTT>A,ATT>G,ATT>C,ATT>A,ACA>A,ACA>G,ACA>T,ACC>A,ACC>G,ACC>T,ACG>A,ACG>G,ACG>T,ACT>A,ACT>G,ACT>T,TTG>G,TTG>C,TTG>A,GTG>G,GTG>C,GTG>A,CTG>G,CTG>C,CTG>A,ATG>G,ATG>C,ATG>A,CCA>A,CCA>G,CCA>T,CCC>A,CCC>G,CCC>T,CCG>A,CCG>G,CCG>T,CCT>A,CCT>G,CCT>T,TTC>G,TTC>C,TTC>A,GTC>G,GTC>C,GTC>A,CTC>G,CTC>C,CTC>A,ATC>G,ATC>C,ATC>A,GCA>A,GCA>G,GCA>T,GCC>A,GCC>G,GCC>T,GCG>A,GCG>G,GCG>T,GCT>A,GCT>G,GCT>T,TTA>G,TTA>C,TTA>A,GTA>G,GTA>C,GTA>A,CTA>G,CTA>C,CTA>A,ATA>G,ATA>C,ATA>A,TCA>A,TCA>G,TCA>T,TCC>A,TCC>G,TCC>T,TCG>A,TCG>G,TCG>T,TCT>A,TCT>G,TCT>T
688006,7,15,4,87,11,2,6,15,1,2,28,7,34,6,22,24,5,20,9,6,66,9,7,29,4,9,2,76,13,8,7,22,3,7,33,8,16,7,17,13,6,28,8,5,55,6,11,43,2,66,0,36,34,2,4,49,0,3,55,6,14,32,14,7,48,16,4,15,42,3,42,22,2,9,3,42,10,4,1,9,0,3,30,6,9,4,30,12,9,30,6,6,39,7,14,52
907295,6,9,6,83,8,5,4,14,3,1,9,3,39,3,19,22,3,12,4,1,46,16,5,22,11,4,0,92,7,2,3,20,8,8,24,6,18,6,21,14,9,21,3,3,35,9,8,28,1,71,8,32,27,4,5,50,2,0,47,4,15,37,10,15,44,12,3,13,20,7,43,16,1,10,5,37,8,3,1,13,2,0,17,4,13,7,27,6,16,35,5,4,42,4,12,62
688022,10,21,10,82,18,1,11,15,4,5,33,7,42,7,34,21,8,18,12,2,77,30,10,29,8,19,6,76,14,2,7,22,10,8,30,9,20,4,13,17,10,33,8,10,71,9,10,32,2,62,4,37,20,4,2,56,3,3,47,4,16,29,23,13,33,19,6,9,40,6,48,33,3,16,4,47,18,6,2,6,8,2,34,6,15,9,32,10,16,39,3,7,46,12,16,56
688058,3,13,1,77,11,3,5,15,3,3,16,4,22,2,21,18,4,16,5,4,52,21,4,12,3,7,3,75,10,0,2,15,6,4,20,3,14,2,16,4,9,15,2,2,55,2,5,34,2,45,3,36,21,5,3,39,3,0,41,1,4,26,10,7,39,11,2,8,27,5,29,10,0,9,2,29,6,3,1,6,3,1,18,4,8,6,14,4,1,37,0,7,30,5,5,50
905961,3,4,1,81,8,1,6,10,3,3,8,3,32,5,18,20,1,16,3,3,39,20,1,24,5,4,2,72,7,1,3,12,6,7,21,2,10,4,12,7,9,15,4,3,59,3,8,22,5,49,4,34,17,4,6,50,0,1,43,5,7,27,14,7,32,9,7,15,46,8,34,17,3,4,2,36,7,1,1,5,0,3,22,2,7,3,21,7,2,29,2,4,32,8,10,51
905936,11,47,12,91,44,0,9,32,4,4,42,11,30,8,87,21,10,43,9,8,167,16,17,46,9,37,3,74,47,3,11,60,6,3,73,8,32,4,32,33,4,48,7,4,129,48,6,56,5,83,2,34,44,4,11,48,9,4,55,8,13,27,92,17,37,87,6,9,181,12,39,97,2,37,5,37,42,4,1,36,1,1,49,11,13,4,53,8,4,55,3,6,84,15,13,63
905937,32,92,17,109,95,20,61,65,29,33,58,69,49,15,172,52,10,110,11,4,279,131,9,117,10,62,6,74,99,12,26,124,16,19,123,16,86,6,89,188,11,135,36,9,246,688,9,146,7,113,15,41,81,18,37,94,22,5,100,40,38,30,199,53,47,270,14,7,396,228,36,222,6,80,25,38,126,7,5,46,8,4,95,21,39,12,105,49,17,108,9,8,123,211,30,154
907792,2,8,3,72,7,1,8,10,4,4,16,5,41,4,21,22,2,15,7,3,53,16,11,22,3,4,1,81,4,1,4,15,3,2,18,4,16,3,17,4,8,14,4,5,47,6,9,14,3,53,3,42,21,2,2,51,2,0,37,4,18,37,16,9,40,19,6,12,38,5,33,20,5,8,4,33,7,4,1,6,1,2,12,6,13,5,15,7,3,33,6,4,28,10,12,59
907795,10,16,5,65,5,4,5,12,3,1,21,2,39,4,15,23,3,17,2,4,58,16,7,23,6,6,1,69,7,0,5,17,4,8,27,7,13,5,14,2,8,15,5,4,57,3,7,28,4,55,2,39,18,2,4,43,4,0,43,7,10,31,16,7,45,18,9,9,45,8,35,14,0,6,5,39,6,1,2,8,0,2,16,1,12,8,24,8,6,34,3,1,36,14,11,49
910689,5,7,3,70,8,3,6,17,1,0,14,2,42,8,16,18,5,14,5,2,49,9,11,14,7,10,2,88,8,2,8,16,4,4,20,1,14,3,15,11,5,24,4,6,41,7,4,31,5,61,1,35,12,2,3,43,6,4,44,4,9,27,8,5,38,10,5,11,32,6,31,18,4,8,4,36,9,2,3,9,1,2,16,3,9,2,17,3,5,43,1,2,39,10,8,49
917486,6,12,3,67,8,2,1,11,2,2,23,4,38,14,25,25,2,14,4,2,55,18,5,27,3,5,4,76,9,0,4,16,4,4,40,7,12,3,19,7,6,19,3,9,55,11,9,28,4,51,1,32,26,3,6,52,3,0,51,2,11,31,16,5,41,19,3,11,36,8,38,24,4,9,3,28,14,2,1,13,4,3,18,5,16,5,28,6,6,37,1,5,35,14,14,60
910569,6,12,4,55,14,2,6,10,4,2,17,1,42,4,25,12,6,15,8,2,61,17,9,20,4,11,0,85,15,2,6,22,5,12,25,2,14,3,21,6,11,19,5,9,66,5,4,24,3,35,2,27,20,3,0,40,3,0,33,5,6,25,8,5,43,16,3,5,49,5,29,18,5,9,2,22,13,1,0,7,1,2,18,3,6,6,20,4,7,37,7,3,40,8,9,48
909740,22,45,15,88,27,6,19,27,2,7,38,20,33,18,73,23,9,49,3,2,294,15,7,51,5,27,4,71,28,10,14,56,12,6,60,9,37,6,47,44,8,41,22,11,213,116,7,48,7,63,2,27,30,7,10,56,11,2,45,9,8,22,92,10,36,107,9,8,286,18,37,89,4,19,12,38,36,3,3,23,2,2,50,6,15,7,23,10,6,36,7,5,118,29,21,65
908458,8,8,2,58,9,0,10,11,3,2,15,4,31,3,18,28,5,12,1,2,50,9,5,21,5,5,0,64,19,4,3,11,1,2,28,3,16,9,17,8,8,22,3,6,63,5,4,22,4,45,1,23,12,3,2,44,2,1,35,5,10,25,16,5,23,14,4,10,47,4,27,21,1,10,2,18,2,4,0,5,2,1,14,3,9,6,17,10,11,34,0,2,38,7,13,46
909748,5,6,4,96,10,5,2,9,2,4,29,3,44,5,25,19,5,16,9,3,63,19,3,20,5,13,2,74,14,4,6,18,6,7,22,3,15,4,13,4,10,24,1,5,63,5,7,25,3,61,3,36,23,2,2,61,6,0,37,4,13,36,14,5,43,14,1,10,41,2,38,28,5,6,4,39,8,5,1,12,0,2,13,4,7,12,19,7,8,45,2,5,47,5,12,64
909746,6,9,6,62,9,1,9,14,2,3,12,7,34,5,23,15,5,18,1,2,61,15,2,13,3,7,3,66,6,4,3,18,4,4,16,4,17,6,17,3,9,19,2,4,66,4,6,21,6,48,2,12,16,2,2,30,3,1,18,1,10,25,12,8,28,18,4,11,34,4,28,14,6,5,5,18,1,1,0,9,0,1,14,1,7,2,21,7,4,37,3,5,28,5,13,52
907790,22,46,12,58,25,2,12,42,1,5,22,10,35,5,51,17,6,35,5,2,179,13,7,38,6,20,4,59,18,6,9,58,2,6,49,2,24,6,25,29,5,34,4,4,164,73,11,31,4,57,5,16,21,12,12,56,9,1,42,6,14,28,50,7,31,59,4,9,171,13,40,49,0,19,9,22,32,1,2,29,1,1,37,5,12,8,24,13,8,35,3,5,74,14,10,51
905939,8,10,3,48,16,4,4,17,3,3,22,3,42,7,23,19,7,28,7,5,74,19,9,25,4,13,2,53,15,3,4,17,1,6,24,4,10,5,20,7,9,23,2,5,77,7,7,26,2,47,3,13,9,2,4,43,4,1,25,4,11,27,11,7,36,28,1,7,42,4,30,16,3,14,7,21,12,2,1,12,0,0,23,5,10,4,24,12,4,41,1,5,46,11,23,50
909263,5,15,5,51,12,2,2,14,0,3,25,2,28,6,35,23,2,17,4,4,59,10,3,22,7,9,2,43,8,3,8,22,7,5,32,7,17,7,29,3,6,21,3,4,59,3,6,31,3,43,1,9,18,2,4,37,6,3,24,5,8,29,16,8,31,12,3,8,47,1,38,19,3,16,2,22,3,1,1,10,0,0,23,4,11,5,19,6,7,29,0,5,40,7,11,71
910921,0,15,3,57,9,3,3,8,2,2,27,1,39,2,21,14,2,23,4,6,50,20,2,20,5,9,0,59,10,2,5,17,4,2,23,5,23,4,22,5,6,27,3,2,56,6,5,27,2,54,1,19,14,1,3,40,6,1,27,2,4,32,7,8,31,13,4,10,34,1,39,17,3,10,2,25,0,0,3,9,4,0,20,4,13,5,22,2,7,53,4,4,38,5,7,60
906792,9,7,5,54,14,1,6,16,3,2,21,7,45,4,23,18,4,15,5,6,51,14,2,29,5,7,0,73,7,2,5,19,1,7,30,7,13,7,43,4,8,48,4,5,52,6,6,66,4,51,2,24,14,3,5,36,1,0,31,4,8,14,11,5,34,28,7,7,40,1,46,27,1,3,5,17,5,0,2,9,2,4,19,2,9,5,52,9,7,109,0,5,59,6,12,77
906793,5,7,4,36,12,3,2,13,2,2,9,0,30,2,13,17,2,20,4,4,39,11,1,21,3,5,1,63,4,0,4,9,3,2,11,1,13,5,22,6,5,41,1,4,45,4,4,40,3,42,0,15,11,0,1,28,3,1,22,2,6,24,9,4,28,14,4,4,31,6,21,14,4,2,3,17,6,1,2,4,0,2,7,2,6,3,31,4,2,94,2,2,40,4,8,50
910934,10,14,2,42,14,1,6,18,4,3,25,5,27,5,22,13,4,8,1,9,68,19,4,37,5,11,0,46,9,5,7,12,6,5,41,1,23,5,12,7,11,30,3,4,78,6,12,32,5,45,2,15,13,6,6,32,6,1,30,5,10,26,18,6,30,19,6,5,49,9,33,20,2,8,2,16,10,4,0,6,1,3,23,5,10,7,21,3,7,33,3,7,40,7,14,44
910853,5,14,5,61,13,1,7,15,2,3,18,1,42,5,41,23,4,86,2,5,57,12,4,54,3,9,1,74,12,2,7,23,8,2,37,5,20,1,32,9,7,110,1,5,45,4,5,68,1,48,2,19,23,3,3,33,0,1,28,4,19,25,24,7,38,35,3,11,34,5,50,36,2,11,4,21,11,2,2,12,3,3,19,3,15,2,30,7,9,118,3,4,37,16,11,122
906818,7,12,9,51,11,4,5,20,0,1,16,1,26,6,19,14,5,16,6,2,42,19,2,18,2,7,0,64,17,1,7,11,6,3,22,4,23,5,42,5,6,62,4,4,69,3,6,69,7,40,2,16,17,1,4,33,1,4,28,4,9,22,13,3,32,25,4,8,38,1,35,19,2,5,3,23,4,2,4,7,4,3,18,4,3,2,69,4,7,162,3,2,67,10,7,101
906813,1,8,3,57,7,1,3,7,1,4,17,2,28,4,14,13,2,20,3,3,35,18,4,17,3,7,1,63,9,3,3,10,2,2,17,3,15,2,16,4,6,25,6,2,38,0,2,33,4,32,3,19,13,0,3,27,2,0,20,5,10,20,4,5,22,12,2,11,26,2,36,17,1,7,2,23,7,1,1,8,2,0,17,4,8,2,22,4,4,52,2,3,38,7,5,54
910932,8,23,3,53,15,4,9,21,0,1,31,5,42,4,20,17,5,19,2,4,61,19,10,30,6,7,4,69,9,4,10,26,3,5,37,3,22,5,20,11,9,27,6,10,68,8,2,42,5,49,1,27,27,4,3,38,2,2,29,4,10,25,21,4,37,21,4,13,56,6,51,26,3,9,4,18,9,2,0,10,0,1,28,2,16,3,15,5,5,34,6,4,40,12,12,55
908124,6,15,5,48,9,5,8,10,1,4,26,0,37,3,17,14,5,19,7,3,53,12,2,17,4,8,2,64,8,4,2,17,2,3,24,5,16,8,13,2,12,29,3,9,45,6,6,42,3,52,1,22,13,1,4,29,3,2,26,6,11,35,24,9,24,22,2,18,36,4,45,29,2,7,4,28,9,2,2,14,1,3,28,4,13,4,27,4,7,54,2,5,39,9,7,56
908125,9,18,22,64,35,3,4,14,4,5,25,7,35,7,29,19,4,39,4,7,57,11,4,33,5,11,3,68,6,5,3,24,0,8,26,6,26,6,66,12,10,85,1,3,67,1,5,83,6,52,6,18,11,1,3,34,3,2,39,3,10,28,18,10,30,17,3,7,34,4,36,25,10,18,2,25,11,6,2,17,2,1,25,4,18,3,116,8,7,240,4,8,124,7,10,134
908128,26,36,57,36,20,3,16,36,18,3,18,18,33,8,23,15,6,113,1,6,52,9,8,53,4,34,8,54,6,3,9,19,9,8,23,3,22,7,296,19,22,663,5,7,181,25,15,498,14,53,10,15,16,1,8,33,12,2,31,6,4,13,11,5,25,93,2,7,33,3,30,52,8,20,15,22,8,3,2,12,5,4,23,12,12,3,284,20,9,1080,3,9,276,18,15,425
909723,7,16,1,42,5,2,5,11,6,1,20,1,39,5,17,17,4,13,1,2,51,15,4,18,5,7,1,59,6,4,4,17,4,3,28,3,10,4,29,4,9,21,2,2,65,2,7,33,3,27,1,17,12,1,2,44,5,1,23,1,4,16,15,8,26,19,5,10,42,2,42,20,1,6,4,20,4,2,1,11,3,1,24,3,4,4,20,4,8,46,2,3,31,6,8,48
946382,0,13,2,35,6,2,2,15,3,3,23,3,26,3,24,11,4,14,3,3,39,15,6,21,2,10,3,49,15,3,2,11,4,8,28,2,11,6,16,6,5,29,2,6,54,3,10,29,2,27,0,17,11,4,3,21,4,1,26,4,11,12,15,5,19,24,4,4,47,3,32,10,3,9,3,23,8,2,4,7,2,1,15,3,8,19,66,8,19,40,2,8,49,12,38,86
749717,4,16,1,36,3,4,7,13,1,2,14,0,27,4,28,15,3,14,2,2,49,9,4,23,0,5,1,51,6,5,3,19,1,5,20,4,14,2,19,8,13,23,5,3,45,8,10,15,4,37,1,16,12,1,1,23,1,2,13,1,7,19,18,7,20,7,5,9,28,5,33,22,4,5,6,25,2,2,2,3,1,3,14,5,7,9,12,7,7,24,1,4,27,3,16,39
907048,22,44,10,37,49,8,14,41,11,6,72,7,32,29,81,39,14,54,7,13,200,20,16,49,21,26,8,57,46,7,18,102,10,8,97,15,22,20,66,13,31,82,10,15,195,19,18,87,15,54,4,17,26,9,9,53,6,9,50,8,17,29,37,24,31,59,13,8,135,13,44,61,16,37,20,23,36,7,7,28,8,4,73,8,11,18,54,15,20,79,7,12,110,20,26,61
905946,2,5,1,39,11,2,0,11,1,2,18,2,25,4,24,14,4,21,1,3,40,8,6,15,3,6,3,39,7,5,7,10,3,2,22,2,20,2,21,6,8,21,2,8,48,10,8,26,2,35,2,12,14,2,8,18,4,1,21,2,6,15,14,5,23,16,4,8,34,8,33,16,1,3,1,28,6,1,0,7,2,1,21,4,10,3,21,8,6,18,4,5,25,9,12,34
925338,35,72,19,48,58,7,30,67,13,10,93,13,52,23,86,39,16,69,16,14,207,22,21,70,20,44,6,65,74,15,19,88,15,20,113,21,22,18,74,29,31,93,12,10,216,16,23,98,18,60,6,24,44,11,16,62,8,5,48,18,17,38,55,31,38,77,21,10,153,17,48,70,11,42,20,22,41,8,3,37,4,11,102,12,17,22,67,19,25,83,5,10,135,38,48,99
910704,6,10,1,28,8,2,6,8,2,3,17,2,19,6,16,8,3,14,2,4,39,12,8,16,5,4,1,40,5,6,7,12,3,7,18,1,10,4,12,5,8,15,3,3,57,2,4,16,5,37,1,11,9,2,2,25,5,0,18,5,5,15,13,3,16,13,2,3,32,7,36,18,2,7,2,16,4,6,1,7,1,3,25,0,9,35,35,8,10,41,2,4,36,8,41,43
908459,3,10,2,38,3,2,1,12,0,1,14,1,26,2,16,10,2,19,4,0,35,11,1,14,3,4,2,23,2,2,3,14,4,3,16,2,4,6,7,5,2,12,2,3,45,3,5,18,1,22,1,14,10,2,1,25,1,0,14,2,12,13,9,5,16,9,4,3,28,2,27,9,0,7,1,11,11,4,0,5,3,2,12,4,10,17,40,10,12,25,1,1,28,5,20,42
688031,5,10,5,43,13,3,2,16,3,1,10,2,18,2,10,17,2,12,2,1,32,17,5,16,7,8,3,18,8,3,3,12,2,5,26,5,5,4,9,4,5,9,3,2,35,4,11,15,4,26,0,7,6,1,2,15,0,0,14,3,6,13,7,3,17,11,4,9,26,2,42,16,3,10,4,20,9,3,2,7,1,1,11,5,3,3,9,5,6,18,2,3,15,4,7,34
688025,6,15,5,34,17,3,3,10,3,1,19,2,30,7,32,17,2,21,7,3,54,19,9,20,5,7,2,29,18,5,6,21,4,2,23,7,13,14,22,10,4,19,4,3,54,13,13,29,6,20,2,9,16,1,3,26,1,1,17,2,19,8,12,8,23,11,7,5,43,7,35,19,2,6,3,12,10,3,2,4,3,4,24,5,10,3,23,6,5,31,9,3,33,10,10,35
688027,9,9,3,32,10,2,3,15,2,2,16,1,14,7,21,15,5,16,3,1,54,16,5,21,6,10,2,34,11,9,3,29,5,6,23,7,19,5,19,10,8,26,3,2,70,9,11,31,4,24,1,11,9,1,1,20,3,0,11,5,16,11,12,10,17,20,8,8,33,6,34,16,1,6,4,20,6,4,2,10,1,3,24,1,1,8,13,6,6,29,3,2,41,15,10,34
908475,1,12,2,39,14,3,2,7,1,4,25,2,26,7,19,24,1,16,3,3,58,14,4,14,5,8,2,47,11,8,4,11,5,4,25,4,18,5,17,14,4,25,2,7,64,11,9,20,8,26,2,16,10,2,6,17,8,2,17,3,12,10,15,5,26,10,3,4,48,6,33,10,5,7,2,15,10,3,1,9,3,2,20,2,13,4,19,11,8,27,2,4,34,10,8,33
724879,7,6,5,31,11,4,8,13,3,3,20,5,28,8,21,17,5,16,5,0,52,12,7,15,4,6,4,22,7,0,4,14,7,5,25,7,26,4,18,15,9,24,14,4,46,10,6,25,4,27,5,10,4,3,2,17,3,0,8,3,16,5,16,9,14,11,9,2,28,8,10,14,1,7,4,17,5,2,1,11,0,1,23,8,12,6,14,7,10,21,5,2,24,15,14,19
687798,9,11,5,28,10,3,4,12,12,2,14,6,32,10,31,23,5,24,13,5,49,29,8,20,9,11,4,31,12,7,5,19,11,2,29,8,44,5,28,29,8,35,15,9,64,26,12,33,4,27,3,17,9,6,1,21,3,0,17,3,20,13,9,14,14,21,18,5,35,16,23,19,5,9,4,11,15,5,1,7,3,2,21,5,23,6,27,26,8,33,4,6,34,22,22,41
687821,2,7,2,19,12,3,7,13,2,3,12,3,17,7,21,7,1,16,5,0,56,5,1,14,7,4,3,23,5,6,5,18,6,1,25,5,6,4,10,7,10,13,4,1,52,7,5,28,4,25,1,11,12,4,2,12,3,3,14,1,8,9,12,5,10,15,3,2,37,6,15,11,7,10,1,6,7,2,1,4,2,0,17,0,2,7,13,7,7,28,2,7,34,3,10,23
908471,9,14,1,20,14,1,5,16,1,3,21,3,18,9,18,12,0,20,7,2,49,9,7,14,3,8,3,25,7,2,2,10,2,3,19,6,13,7,17,9,10,28,6,5,42,9,10,13,1,25,4,9,11,2,3,12,4,0,13,4,9,9,11,9,10,18,7,6,24,2,17,19,2,7,6,16,8,2,0,8,3,4,11,7,8,4,17,12,5,23,5,4,31,13,7,35
687997,6,8,5,17,11,4,2,9,2,0,14,4,18,6,17,15,8,25,2,1,58,7,8,14,2,8,2,23,6,3,3,17,5,4,19,0,17,5,15,11,8,15,3,2,49,6,8,29,3,7,3,8,9,3,1,14,2,0,22,3,10,4,16,11,10,10,4,5,30,5,13,12,2,4,5,5,7,2,2,7,4,2,22,0,11,4,15,10,7,27,3,5,25,14,8,18
906834,6,10,6,18,11,0,4,11,2,1,15,3,8,6,19,7,4,13,4,1,42,9,3,23,3,8,0,19,6,2,4,12,4,2,23,2,11,5,10,7,5,19,8,5,62,6,6,21,1,17,2,9,9,2,3,20,3,0,17,1,5,1,14,7,9,13,6,2,32,3,13,13,1,7,2,7,4,3,0,3,5,2,19,3,2,4,16,2,4,30,4,2,39,4,15,16
909248,5,14,12,27,15,2,8,19,3,4,28,5,16,6,35,13,7,19,3,6,79,6,11,21,10,16,8,33,19,2,8,19,3,2,30,8,5,7,22,4,7,19,2,2,64,8,10,28,5,37,1,12,9,3,5,22,3,4,15,8,10,4,21,8,14,26,4,5,60,5,15,18,3,12,8,14,15,3,3,8,2,4,31,3,9,5,20,5,7,22,5,1,34,7,15,28
905989,16,24,11,38,29,3,21,43,4,5,38,16,21,10,137,17,8,106,2,2,131,16,8,77,11,22,2,30,42,3,14,76,11,7,68,7,31,10,98,35,6,150,5,7,142,77,4,126,10,57,6,11,23,4,6,39,11,2,31,5,14,6,107,23,9,158,2,9,135,17,13,113,1,24,5,7,34,4,0,27,5,2,42,5,9,7,93,15,13,180,2,7,62,14,17,136
907794,20,51,10,35,22,7,18,52,7,4,43,23,35,16,186,17,16,60,6,4,191,21,26,124,7,51,5,28,38,10,9,99,8,10,94,3,43,8,48,46,7,51,24,4,138,117,8,79,4,49,4,7,18,10,6,45,11,1,53,9,28,12,199,22,10,133,11,6,224,35,12,234,2,29,6,13,32,1,2,39,3,7,76,5,28,4,46,16,5,49,5,2,76,63,20,64
908457,8,16,1,26,16,3,7,17,7,3,27,5,28,3,25,12,9,23,4,3,69,4,11,19,4,6,0,41,14,1,5,17,7,4,26,6,19,5,18,7,8,23,7,4,75,9,15,25,3,35,2,13,5,1,2,20,6,1,22,2,18,13,19,9,16,18,4,3,50,4,21,21,1,7,5,16,6,0,2,11,2,2,27,4,8,2,21,6,9,31,2,6,43,8,19,33
909698,56,118,22,55,115,19,30,105,16,12,130,23,51,45,180,40,22,128,15,14,406,34,31,109,34,85,10,39,134,27,32,190,29,28,192,35,45,28,126,63,45,146,22,20,362,97,36,139,25,91,14,21,81,25,11,81,22,11,70,34,46,24,129,42,43,155,22,9,335,33,30,153,13,84,27,17,100,6,8,68,13,15,167,18,26,31,103,28,23,96,16,16,191,48,70,120
910905,5,6,5,19,10,4,6,8,4,2,19,2,11,4,16,11,6,13,4,0,48,5,5,15,3,3,0,24,11,3,3,19,6,1,30,5,8,5,13,8,6,19,3,7,48,8,6,25,6,20,2,4,9,2,3,15,4,0,9,7,9,9,14,6,21,12,2,1,45,7,15,14,2,8,5,6,2,0,1,8,1,3,21,6,4,6,15,9,12,12,3,3,23,8,18,20
905962,6,7,2,25,6,6,8,5,2,3,17,2,19,5,19,5,5,24,2,2,46,8,6,9,3,8,0,19,6,2,3,11,4,7,16,7,9,5,22,10,3,20,4,1,41,7,2,23,5,21,2,6,6,1,3,21,3,0,18,1,9,4,22,6,15,22,2,3,43,5,11,21,2,2,2,8,4,2,1,6,3,2,13,2,2,4,20,6,9,48,1,0,40,8,9,43
909755,8,9,4,29,11,1,1,5,1,1,19,6,18,6,19,14,3,18,1,2,58,5,7,16,3,7,3,33,6,3,8,12,4,3,25,4,12,1,16,9,10,16,0,2,44,2,3,20,4,24,1,18,10,2,7,24,4,5,12,2,8,6,12,6,10,12,2,5,30,7,17,17,2,3,3,12,6,1,2,10,2,0,13,3,8,5,11,4,5,25,2,3,32,8,16,26
909747,4,4,1,22,5,0,2,16,3,0,23,1,19,7,10,8,0,19,3,2,47,4,4,19,2,9,2,28,6,1,2,15,2,5,13,2,14,7,15,7,7,17,6,7,47,2,6,12,4,27,3,7,13,3,3,22,3,2,14,3,2,6,11,9,12,13,2,7,32,3,11,17,1,7,4,9,6,1,0,8,1,2,15,2,12,3,20,2,9,24,3,3,29,7,5,26
1240217,9,9,2,21,3,2,5,10,2,2,22,2,14,4,17,3,3,13,2,0,37,8,1,15,4,5,5,25,11,5,2,12,2,0,18,3,8,4,15,5,4,12,2,4,51,6,2,19,1,20,0,6,12,5,4,20,5,4,12,2,13,5,12,5,10,13,1,3,46,4,13,12,4,4,3,7,8,2,3,3,2,1,22,2,4,5,11,3,9,10,2,3,26,9,9,23
909737,5,12,3,20,16,1,7,6,4,3,25,5,21,7,25,8,7,15,2,3,46,5,1,24,3,4,2,34,7,2,4,19,5,4,27,6,8,5,16,7,6,20,2,3,53,4,9,26,1,21,3,11,9,3,2,22,1,2,15,2,6,7,10,5,11,13,3,4,37,4,11,18,2,21,3,14,6,2,1,8,1,0,24,1,9,6,10,3,6,17,4,1,33,9,11,18
907071,9,18,2,31,10,2,2,9,2,3,20,2,25,7,19,11,2,10,3,3,58,10,5,31,5,10,2,31,5,2,4,19,3,2,26,7,15,9,13,7,2,16,7,3,45,7,10,20,4,24,3,12,6,4,3,22,8,2,24,3,9,5,12,9,6,11,0,4,45,3,18,17,3,11,1,12,4,0,1,7,1,2,21,2,10,6,16,5,6,11,3,1,28,10,11,38
1240210,6,14,4,23,12,2,4,8,2,4,16,0,20,5,20,11,2,14,6,6,48,5,10,17,4,11,3,25,7,4,2,12,6,7,19,3,6,5,13,7,4,11,3,1,41,2,11,24,4,22,1,12,6,2,2,18,4,0,21,2,9,6,12,3,5,11,2,3,42,5,8,16,2,6,3,8,6,0,2,7,2,1,18,1,6,1,19,9,8,22,0,4,28,7,7,20
908454,2,14,2,21,4,0,2,11,1,0,11,3,17,2,15,7,3,15,0,3,36,4,3,11,2,4,1,40,10,4,4,16,3,6,16,4,11,0,18,8,6,16,3,2,44,1,4,15,2,21,0,14,11,1,3,18,4,0,7,1,7,5,7,5,12,11,3,5,24,2,14,21,1,6,3,13,3,2,1,4,0,2,11,2,9,6,9,5,6,18,2,2,31,3,3,19
910568,6,15,2,21,15,3,2,12,3,2,15,0,17,4,21,5,4,21,3,4,60,10,4,20,1,3,0,23,9,4,5,14,5,2,35,4,10,8,13,8,6,11,2,1,42,3,6,13,1,39,4,12,9,2,2,23,5,1,10,7,10,7,12,4,11,28,2,1,40,1,16,21,4,6,3,13,4,0,0,4,1,2,20,1,13,6,16,2,3,25,2,5,40,13,8,27
909751,12,53,18,39,29,3,13,31,4,4,43,16,26,7,110,15,4,61,3,0,152,15,7,63,7,30,2,29,34,3,11,52,8,6,51,10,28,6,49,33,7,60,12,6,151,74,8,77,6,55,2,14,20,4,9,26,6,4,34,12,14,12,88,13,12,107,10,2,187,13,38,109,4,20,12,18,35,4,1,19,1,3,46,14,18,6,53,10,7,67,3,4,76,33,16,75
909757,13,16,6,38,10,6,6,14,2,2,22,5,32,8,27,21,10,22,5,2,69,11,8,18,6,4,4,38,10,2,6,23,10,6,26,9,19,5,21,9,12,24,6,3,76,8,3,43,5,34,0,17,10,5,5,29,8,2,20,6,17,13,18,7,18,23,3,11,57,9,28,18,2,10,4,14,11,2,3,6,4,5,18,7,18,5,22,3,6,26,0,5,41,18,18,43
907285,6,11,2,43,10,2,2,8,1,1,22,4,16,2,24,15,2,16,4,4,54,16,3,21,3,9,6,38,17,1,4,11,4,2,25,3,11,5,21,7,7,19,1,5,54,3,9,21,3,37,2,15,10,2,4,22,1,1,15,5,10,6,8,2,25,5,6,5,41,0,26,17,1,9,2,16,8,0,2,3,1,2,28,1,9,9,18,7,4,20,2,2,29,4,9,32
724870,11,6,3,21,7,6,5,17,2,4,17,2,19,5,22,10,6,13,1,2,41,16,1,18,3,5,3,23,12,4,3,14,6,8,29,5,9,8,13,6,9,22,4,3,42,6,5,29,3,23,4,15,8,1,4,20,2,0,19,5,9,7,14,8,18,21,7,4,32,2,17,12,4,10,5,10,4,1,3,4,2,2,17,2,11,3,18,5,7,29,3,1,34,7,14,29
910702,2,6,3,40,6,6,5,8,0,1,18,5,18,7,23,9,5,15,7,3,61,11,2,8,0,3,0,38,12,8,7,14,5,1,22,6,16,5,10,2,5,22,5,2,50,3,4,21,3,33,1,17,9,2,2,15,2,1,14,8,6,10,12,2,16,14,3,5,33,2,22,12,4,11,13,18,4,0,2,7,1,4,20,3,7,3,14,2,5,18,1,7,29,8,11,40
753624,3,5,2,28,9,1,1,10,2,5,14,3,19,9,13,7,3,23,0,3,47,10,4,16,4,9,1,33,19,5,8,16,3,2,29,3,12,6,21,9,5,13,3,5,51,8,11,19,2,37,2,13,12,2,4,19,1,4,19,6,4,8,10,4,9,16,4,4,31,4,18,10,2,4,3,8,7,5,2,7,2,1,10,2,6,7,18,6,10,19,4,4,41,9,10,35
910915,6,2,2,39,10,2,3,12,0,2,21,2,22,6,14,5,3,22,7,3,65,8,3,29,7,6,1,29,9,2,5,16,7,2,21,7,18,5,17,5,3,24,1,5,58,2,6,19,2,21,3,12,9,4,1,28,0,1,18,5,7,7,18,6,10,21,2,7,40,9,24,8,6,10,3,15,11,3,4,1,0,1,26,3,3,5,19,6,9,23,0,2,28,8,13,36
910079,5,23,6,39,20,4,6,27,9,4,25,1,31,10,31,22,8,27,7,8,95,16,9,36,2,14,2,36,25,6,11,27,7,6,54,5,16,10,31,8,11,29,3,11,81,8,8,26,9,37,1,13,22,3,6,41,4,2,27,4,16,16,26,14,25,28,4,4,82,11,32,30,6,13,8,19,10,3,1,23,1,4,40,4,12,15,28,7,10,35,5,6,56,10,16,49
905955,11,21,4,31,27,4,8,8,4,0,26,2,19,5,26,19,9,37,4,2,58,10,5,17,7,12,0,28,12,2,3,21,8,3,35,3,15,5,31,7,5,49,1,3,60,18,1,54,3,32,2,11,17,2,5,30,2,0,16,8,7,14,21,9,14,47,5,5,54,3,19,29,1,9,5,18,20,5,0,4,3,2,21,1,14,9,24,12,1,86,3,6,40,7,15,53
909725,6,13,8,33,22,3,6,8,6,2,21,5,17,5,16,9,6,21,3,3,55,9,2,18,1,9,1,33,5,4,5,19,2,4,23,5,14,8,48,10,10,59,4,6,73,8,7,57,2,33,1,14,8,3,1,28,0,1,20,4,9,9,17,3,25,22,3,3,29,7,27,15,4,12,1,13,5,0,0,8,2,1,16,6,7,7,44,6,8,128,1,4,50,7,12,52
906814,8,22,15,41,39,0,4,15,5,4,30,9,19,5,27,12,3,67,3,3,58,10,7,27,6,8,5,50,10,4,8,20,3,4,27,3,13,2,116,11,8,266,1,4,127,9,11,193,5,29,5,21,16,3,9,29,5,1,17,5,7,9,12,6,15,63,3,2,42,3,29,27,4,13,4,21,4,3,0,12,5,3,27,5,8,3,158,11,7,495,3,4,171,5,10,173
905945,9,8,3,37,15,4,4,15,0,4,19,5,22,5,25,14,3,21,3,3,58,8,6,19,5,11,1,37,19,4,1,26,5,5,24,4,13,3,14,5,11,27,3,2,56,5,7,34,3,25,1,14,12,2,4,26,1,1,24,7,9,14,13,10,13,24,2,3,27,2,24,23,2,7,2,19,7,2,2,10,1,2,11,2,14,8,22,7,4,30,5,4,34,4,13,34
907046,36,98,26,61,101,12,28,81,17,13,153,19,63,33,113,45,17,88,19,11,301,26,27,86,17,88,8,51,126,15,30,149,23,19,157,20,36,32,92,32,34,112,11,23,298,32,28,108,25,105,12,26,92,23,26,102,11,10,65,31,29,25,74,38,49,104,22,21,229,23,45,88,14,74,19,25,105,11,9,56,9,9,168,10,19,30,69,25,31,92,11,17,166,25,72,109
905969,7,6,1,29,9,0,1,4,3,1,15,3,19,3,17,7,2,16,1,1,51,9,2,17,7,10,0,33,6,1,4,16,0,3,21,4,12,5,15,5,6,16,0,4,49,8,1,17,3,38,2,20,6,2,3,24,2,0,15,2,8,6,12,7,17,10,3,7,35,5,28,13,2,4,2,18,10,2,2,6,0,1,10,2,5,1,10,5,9,17,1,3,26,2,6,29
906790,45,18,8,47,13,2,60,45,9,18,22,4,22,4,30,10,10,18,7,2,63,13,3,22,5,14,5,30,21,2,5,57,10,8,30,5,9,3,18,11,10,31,3,1,90,8,9,40,10,39,3,16,17,2,8,47,7,2,18,5,17,6,19,9,14,20,3,2,61,4,22,17,3,12,2,17,6,1,3,13,0,3,17,4,4,5,26,11,6,34,3,4,36,9,12,26
908138,11,23,1,37,20,2,1,12,4,1,29,2,27,12,22,19,5,13,2,5,59,14,6,23,3,4,1,40,8,5,4,21,7,3,37,6,16,3,22,3,9,18,4,3,62,7,6,29,5,43,4,18,13,1,3,32,5,1,23,7,12,17,12,5,19,14,5,11,44,1,28,21,4,12,3,17,9,2,5,7,2,1,22,4,11,6,26,5,5,25,4,4,38,12,13,38
908139,9,21,2,28,15,4,13,15,4,2,27,3,26,6,17,20,4,20,6,2,65,18,5,11,6,6,3,31,14,2,7,15,3,6,18,6,14,3,32,3,7,28,2,5,52,8,5,23,4,18,4,18,6,5,3,30,3,0,16,7,18,13,16,7,10,15,3,9,50,6,32,12,1,11,3,14,12,1,2,10,2,3,28,2,12,5,21,5,6,18,2,4,43,10,11,41
925340,2,16,2,37,12,0,1,7,3,1,26,0,17,8,20,12,4,14,1,3,46,15,5,14,2,11,0,40,11,3,7,12,4,7,28,2,14,2,17,4,10,19,3,5,59,4,3,22,3,25,2,14,8,2,2,18,6,2,12,3,9,12,15,3,19,17,2,6,42,4,36,16,4,10,0,16,4,1,2,9,1,3,23,3,9,3,24,7,6,21,3,5,22,8,8,39
908461,27,49,13,34,48,8,24,44,9,12,75,10,40,25,81,37,12,73,13,9,203,24,24,69,22,40,6,42,59,6,16,68,15,18,110,28,23,22,57,27,30,85,12,15,216,21,24,71,10,52,2,19,25,12,11,52,4,2,47,12,34,37,62,15,55,60,10,11,163,13,54,63,16,34,13,21,37,5,3,28,5,6,91,9,13,17,56,12,24,90,5,11,109,26,42,87
908446,7,9,1,47,13,1,5,18,5,1,26,3,22,3,27,20,8,19,4,6,81,19,5,23,1,11,2,52,10,6,3,21,5,5,36,4,11,9,17,10,11,28,7,3,68,3,5,24,1,37,2,15,9,0,4,34,1,3,18,3,15,19,8,7,29,22,7,6,51,4,41,12,1,12,3,25,5,1,2,3,2,0,21,3,8,1,22,2,6,24,1,3,49,9,13,45
908445,5,7,3,38,8,1,6,9,4,2,24,2,36,6,27,18,4,17,6,6,49,12,3,25,5,9,3,43,19,2,2,21,9,5,33,3,13,9,24,12,6,22,4,9,78,6,6,25,4,33,4,22,15,3,3,27,2,1,19,5,17,22,17,5,35,21,5,7,53,6,45,28,3,11,7,21,13,1,2,2,1,1,25,4,15,6,29,6,6,14,3,9,41,15,8,45
908455,5,10,5,33,12,4,4,16,4,2,16,8,29,3,36,11,2,24,5,1,73,17,3,22,2,10,3,42,15,3,5,19,4,5,24,3,23,3,20,14,3,28,2,4,67,48,9,28,4,40,2,18,8,1,4,28,2,1,13,5,9,17,41,9,35,41,3,11,81,8,31,40,2,9,6,22,8,1,2,5,0,0,11,6,8,2,24,6,5,26,1,3,35,12,7,46
908444,13,39,12,52,29,6,17,33,2,6,40,19,42,12,54,26,6,35,4,0,138,19,9,47,11,23,5,55,45,8,15,56,4,7,61,7,20,8,24,27,10,40,11,7,158,53,17,43,12,56,4,22,25,5,12,39,7,6,24,12,16,18,60,15,21,86,6,9,178,14,52,64,2,21,10,10,27,3,3,15,0,2,55,3,17,13,38,4,6,51,7,6,93,14,13,51
1240209,5,18,3,43,13,5,4,14,1,4,24,4,27,5,20,20,5,17,3,3,60,9,7,17,3,9,1,56,12,4,2,16,0,4,39,3,10,5,24,9,10,14,2,7,54,8,8,28,2,42,0,21,11,6,1,33,5,2,22,4,17,11,10,4,38,15,2,10,39,4,43,13,4,10,4,25,9,4,2,6,2,1,19,2,10,7,23,4,7,20,4,6,42,0,17,60
1240151,11,11,3,26,8,0,2,9,0,2,12,0,27,3,16,15,3,13,6,1,39,10,5,20,3,7,0,34,7,4,4,7,2,4,17,4,14,4,11,11,3,14,1,3,40,12,6,12,2,33,2,17,10,2,1,20,0,2,8,2,16,11,8,7,17,15,7,8,16,7,33,8,5,9,3,18,6,1,2,3,0,1,20,3,11,6,16,9,0,16,2,6,23,6,6,35
1240155,21,42,19,41,34,2,11,25,4,7,37,5,39,14,35,21,10,26,9,5,170,15,9,34,4,20,5,50,40,8,4,68,5,10,64,6,19,8,24,16,7,27,5,6,146,25,6,36,7,50,5,22,29,8,12,36,6,1,37,9,17,15,33,8,30,47,2,10,193,11,48,50,3,26,9,24,52,1,3,22,1,2,68,5,8,7,21,5,10,33,1,4,74,10,12,60
907055,6,19,3,48,10,3,9,17,3,6,21,7,47,6,26,9,4,14,7,2,79,14,9,30,9,11,0,44,13,4,7,22,4,8,33,4,18,6,26,10,5,30,5,2,53,9,12,32,6,38,2,15,17,1,2,31,3,2,29,2,13,12,16,4,23,18,5,4,44,8,42,28,5,10,5,18,9,2,4,6,2,5,19,1,18,12,48,7,12,46,6,7,47,7,39,64
924250,12,5,1,49,13,1,10,8,2,1,17,5,34,4,18,16,1,15,7,4,42,13,5,26,4,7,0,58,14,2,3,10,6,2,19,1,12,3,12,4,10,16,5,12,45,7,3,29,3,39,3,22,5,3,2,45,3,2,16,2,19,20,19,5,31,21,3,8,36,1,49,16,2,6,6,25,6,3,2,9,1,3,15,0,14,4,19,8,5,26,3,3,30,15,14,62
683667,5,7,3,31,7,1,1,5,2,1,18,3,20,3,16,12,2,17,6,0,43,10,1,18,0,10,0,40,14,1,5,18,8,2,22,3,11,4,6,5,12,22,5,6,45,5,4,20,4,21,2,14,10,1,2,18,1,3,15,4,23,24,11,4,12,19,5,4,35,3,37,17,4,8,6,24,6,1,0,10,0,0,17,4,7,5,18,3,7,32,2,4,29,5,6,43
910850,5,7,2,26,5,4,6,10,4,2,19,2,20,3,20,11,2,17,6,2,58,10,4,17,2,11,1,34,8,1,2,9,4,4,23,3,9,6,11,3,8,16,3,3,43,5,3,28,2,25,3,12,11,3,5,23,7,2,15,2,14,9,7,8,23,12,5,10,41,5,25,16,2,6,4,7,6,0,1,10,0,2,15,4,10,5,19,3,4,31,3,7,36,9,8,34
909738,7,5,5,46,7,3,10,14,1,1,22,3,23,5,20,17,5,16,7,2,65,13,4,28,2,4,0,45,16,1,3,20,4,5,22,8,11,8,22,4,17,27,1,5,64,7,4,27,3,40,2,27,10,1,10,17,2,1,21,8,9,17,10,9,37,16,6,13,44,4,46,21,1,12,2,16,10,2,4,4,1,1,31,3,8,3,27,3,7,22,3,3,33,3,7,32
908476,6,13,4,29,5,2,6,17,5,2,21,3,30,7,21,15,5,12,10,3,48,10,1,18,1,14,4,20,8,1,6,16,10,5,24,2,20,9,10,12,4,27,4,5,42,16,3,13,5,43,4,12,8,2,1,23,6,1,15,4,18,16,10,15,18,14,6,5,34,3,22,17,3,5,2,16,5,3,2,4,2,3,12,3,11,7,17,13,10,27,3,1,26,18,10,32
908467,10,14,4,31,7,7,2,22,4,2,15,2,19,20,216,6,5,24,6,5,180,10,15,94,2,19,0,23,9,3,2,24,8,4,21,1,18,9,88,13,0,17,3,8,151,23,6,93,5,32,6,15,11,4,7,18,4,1,18,6,8,15,286,7,16,57,1,3,220,7,37,198,1,18,7,16,6,5,2,14,0,0,23,8,5,5,68,5,4,48,1,3,60,11,13,71
722066,4,9,9,26,8,3,9,11,12,2,18,5,50,17,25,30,10,29,13,10,36,31,11,19,4,9,6,35,14,12,9,19,41,5,24,13,66,13,27,77,16,31,29,11,55,64,16,46,2,34,7,11,10,9,1,20,15,0,16,5,30,17,16,37,32,17,13,8,41,14,23,12,0,8,7,17,8,10,1,17,10,2,21,5,34,27,23,46,22,31,13,8,45,30,20,51
909721,8,7,1,26,3,1,0,11,0,2,17,4,22,6,8,9,8,22,5,5,57,13,5,15,3,2,3,24,8,8,6,12,6,7,36,5,15,3,26,10,2,17,3,5,59,7,8,26,1,40,2,12,15,1,2,26,3,2,17,2,15,11,17,11,27,13,1,7,36,8,24,12,4,7,2,16,8,1,3,6,5,3,27,2,19,23,63,11,10,40,1,5,41,11,47,63
908463,7,13,9,26,11,7,3,12,4,2,21,3,44,10,27,32,3,30,8,7,71,12,9,21,6,7,5,20,11,7,7,20,18,1,36,5,51,10,27,50,16,26,16,9,65,43,16,26,4,42,6,7,11,2,2,23,9,2,24,7,16,14,15,34,24,13,11,7,41,11,31,23,5,11,7,10,7,10,1,13,7,4,22,3,18,14,36,24,8,33,12,7,30,24,21,42
908472,2,6,4,23,9,5,1,16,11,3,24,7,41,8,30,28,8,17,18,13,44,24,9,17,5,6,6,39,15,11,5,20,24,5,29,8,49,7,38,43,9,26,20,8,48,49,11,38,2,39,3,13,6,9,3,18,9,2,25,6,29,19,18,22,25,18,10,9,36,14,22,22,5,6,15,12,9,3,1,12,9,2,24,10,36,54,61,50,28,49,10,9,37,34,64,60
724834,3,12,2,30,6,2,4,8,5,2,19,4,17,6,17,12,3,11,6,3,29,12,7,22,5,4,2,23,10,5,3,15,10,2,21,4,24,3,23,15,4,24,5,3,61,9,13,21,1,31,1,15,9,4,1,22,0,3,12,4,9,8,10,7,19,16,6,5,34,4,18,16,3,5,4,6,10,4,0,3,1,5,19,2,15,31,51,14,17,28,2,3,39,9,54,44
1240183,9,8,2,23,14,4,10,16,1,1,17,3,17,4,17,10,5,13,10,4,62,5,5,22,6,16,5,20,9,4,6,27,5,6,20,8,24,8,17,6,5,18,2,4,72,5,8,27,3,29,1,11,4,2,2,24,1,0,20,2,9,11,15,10,25,17,2,5,30,4,31,22,1,12,5,13,8,2,3,4,0,2,21,4,7,14,25,9,6,36,0,7,35,12,19,42
1240145,3,6,1,35,7,1,5,9,2,0,11,7,18,4,20,11,4,8,3,7,42,11,2,16,1,8,2,19,10,7,5,20,8,1,22,5,20,6,19,17,4,15,9,6,33,9,4,20,3,27,1,10,11,0,1,19,4,0,15,2,16,9,13,8,19,19,6,7,30,6,14,11,2,9,1,14,7,3,0,7,3,2,18,3,10,12,28,6,6,18,6,4,36,5,12,28
909255,15,42,10,27,42,5,12,34,6,8,57,10,33,14,59,27,9,43,9,4,114,11,9,56,11,28,1,17,25,7,11,57,6,9,52,13,28,10,45,12,17,57,5,9,122,13,11,53,1,34,4,9,20,8,9,31,6,5,25,10,10,21,33,12,15,33,10,9,108,6,27,44,10,31,15,15,26,9,2,19,2,6,55,10,15,10,40,11,6,49,5,4,79,19,27,54
905954,7,9,1,25,8,3,1,7,4,2,12,1,13,4,18,11,0,11,2,0,37,8,5,15,3,4,1,25,6,1,4,6,4,2,13,2,7,3,14,5,10,42,7,3,47,4,6,40,2,17,2,8,9,2,1,11,1,1,12,2,4,4,10,5,10,17,2,0,18,2,16,8,2,7,2,8,4,1,0,3,0,1,10,1,6,2,17,6,3,54,1,3,35,6,8,33
687448,6,13,6,41,7,3,3,11,0,3,17,4,21,6,13,10,6,19,3,3,55,12,6,18,3,9,2,36,11,3,5,10,2,3,23,1,21,6,27,4,4,37,7,2,56,5,4,43,8,37,2,13,5,1,3,24,4,4,18,3,8,9,10,5,14,16,3,5,30,4,25,18,3,18,3,13,6,2,3,8,1,0,10,2,8,7,32,5,6,70,2,6,43,7,12,45
906830,9,8,2,43,15,2,9,21,1,1,22,3,21,5,18,9,4,25,5,4,54,8,11,16,5,7,1,31,13,3,5,21,7,5,28,4,10,5,28,11,6,39,2,2,56,1,4,51,4,38,3,12,6,1,1,22,4,0,16,4,13,7,20,1,12,15,3,8,42,2,28,19,3,12,3,18,6,0,0,10,1,2,17,3,7,5,31,7,4,75,2,4,44,3,9,49
906865,3,8,1,27,5,4,4,7,0,3,17,1,15,4,18,9,3,32,3,2,46,4,4,18,2,6,0,27,4,2,5,12,1,2,14,5,12,6,33,8,6,39,3,8,44,3,2,36,2,25,1,11,7,1,2,10,4,0,8,3,4,10,9,7,12,20,2,2,28,2,12,14,1,7,4,14,5,0,0,5,1,1,21,1,8,5,18,5,3,68,4,1,36,7,14,51
909724,6,10,1,30,7,1,2,13,0,1,13,2,19,3,17,14,3,12,1,1,47,11,6,16,4,6,1,33,8,4,5,8,3,2,24,3,12,8,12,8,8,28,1,5,51,6,4,22,4,32,3,10,16,1,4,21,2,0,20,1,6,6,14,7,16,16,7,3,43,1,22,13,1,8,2,12,9,1,0,4,0,0,14,3,4,3,20,3,7,48,2,0,39,7,15,42
905951,1,7,0,20,9,0,2,8,3,1,12,2,8,2,9,6,2,9,0,2,33,7,3,8,2,5,0,16,7,2,5,9,4,1,14,1,3,2,9,3,7,13,0,3,25,3,4,8,3,16,1,8,5,1,0,15,2,1,17,1,4,4,5,3,15,10,2,5,23,3,13,12,0,3,3,5,3,0,1,4,0,2,12,3,4,4,11,3,2,11,0,2,16,10,4,18
687815,4,10,1,18,5,5,3,7,3,3,17,2,15,6,14,12,2,12,6,3,51,8,9,12,3,4,0,23,10,2,1,8,7,4,22,3,12,3,9,13,6,20,6,8,48,9,5,20,0,19,1,10,7,2,4,22,1,0,11,2,8,4,10,5,6,14,5,2,27,6,17,13,2,3,3,14,5,4,0,3,1,1,15,1,4,11,14,8,6,24,3,2,29,4,12,26
687816,5,13,3,22,10,2,1,10,1,5,21,5,15,11,20,10,3,26,5,0,51,5,6,15,4,12,1,28,10,5,5,15,1,1,27,3,15,5,15,5,11,23,2,1,52,3,2,19,4,30,1,11,9,2,2,15,1,1,8,4,5,8,8,7,8,15,6,3,43,7,12,25,5,6,4,12,6,2,2,9,1,1,22,3,12,13,27,9,9,21,2,0,40,5,17,30
905941,3,13,2,24,13,0,2,6,2,1,16,3,17,5,25,10,3,19,3,3,44,7,7,12,3,7,0,26,9,5,5,17,6,2,21,4,7,7,13,2,4,17,3,2,56,3,8,16,3,31,1,10,12,2,2,11,2,0,12,0,6,4,11,4,6,15,4,6,37,2,13,15,1,6,5,11,4,1,1,5,2,1,14,1,7,6,21,2,5,26,3,1,29,9,7,17
905942,25,56,12,36,44,15,13,43,11,13,109,8,51,33,77,47,17,65,19,8,209,30,23,70,12,43,9,30,51,18,14,65,24,14,100,26,55,20,78,50,34,93,18,15,218,38,34,94,20,69,6,10,40,11,13,39,9,5,35,25,30,23,56,31,34,51,22,9,139,22,33,70,14,36,17,19,38,11,6,29,7,6,101,14,44,31,85,53,31,70,14,11,121,46,51,88
753604,37,87,20,29,86,10,27,85,15,19,136,26,39,44,124,38,23,100,14,9,309,23,23,93,18,61,9,39,77,12,37,112,26,28,169,21,31,27,104,33,43,96,23,16,332,31,29,122,17,62,11,16,42,12,23,59,14,9,48,23,23,27,100,30,38,75,19,8,211,14,36,115,21,52,30,13,52,4,10,46,6,14,163,18,19,24,95,22,43,94,8,21,151,35,72,102
908465,3,10,2,17,7,2,2,15,9,1,21,1,34,10,23,22,5,22,19,8,54,22,8,19,5,12,4,18,12,6,8,9,21,3,19,13,51,9,22,52,13,32,22,7,56,37,15,32,3,23,4,6,13,6,3,24,5,1,8,2,27,10,14,24,10,16,8,4,31,12,22,18,2,6,8,10,2,1,4,4,4,4,21,4,23,9,24,37,9,36,9,8,27,20,20,28
905943,10,19,2,28,10,1,8,10,1,2,25,3,19,5,24,20,8,25,4,2,62,7,4,25,5,10,0,20,13,4,6,18,5,6,25,5,21,5,12,13,11,21,8,5,72,20,9,23,0,33,5,6,8,2,8,19,4,3,15,4,15,17,12,9,11,17,5,7,36,3,23,20,1,4,4,7,7,1,1,5,0,4,19,2,8,7,13,8,9,28,4,2,30,13,10,28
908443,6,10,5,11,11,1,5,9,0,4,19,2,16,6,20,10,2,14,0,2,48,9,6,13,8,8,2,19,9,2,3,22,3,6,20,6,16,7,16,5,6,20,7,5,47,6,6,24,3,25,0,12,10,3,1,14,2,3,16,2,9,2,13,8,9,20,5,4,30,8,14,19,5,8,2,11,5,1,0,8,4,2,18,3,4,4,14,9,7,26,3,6,30,11,13,33
905944,5,8,1,22,6,3,4,7,4,0,12,2,17,1,19,11,4,12,4,4,36,10,8,13,1,8,1,26,12,2,3,12,2,4,17,3,18,8,16,7,5,28,6,4,45,6,7,19,3,25,1,5,16,2,3,20,7,0,12,2,7,5,15,4,6,11,5,5,36,6,15,13,3,7,4,12,4,1,0,5,1,0,17,2,6,3,14,9,9,19,3,4,26,8,12,21
687829,3,6,4,21,10,4,6,10,2,2,20,2,29,13,19,12,4,11,11,5,44,12,7,25,4,7,4,12,8,4,5,8,10,2,14,8,26,4,14,29,12,19,11,7,39,26,11,26,2,26,1,2,8,2,3,12,3,2,8,4,17,11,15,9,10,13,1,3,31,11,20,14,3,8,7,3,8,8,0,8,5,1,24,5,16,3,16,33,10,16,9,8,16,16,7,31
724872,12,22,3,15,10,4,6,11,6,4,24,4,31,14,24,25,7,24,7,5,57,9,3,20,11,15,3,17,13,8,8,20,11,1,24,6,26,9,19,12,14,35,8,3,60,18,14,31,6,21,2,8,7,3,5,20,5,2,16,5,18,6,18,9,7,17,7,2,34,14,20,15,7,15,5,10,11,4,1,9,2,5,36,3,16,12,25,26,6,21,7,3,35,21,15,29
908460,3,6,5,16,6,1,4,9,1,1,17,1,20,3,15,17,7,18,9,1,41,10,9,20,3,9,2,18,4,2,3,18,7,4,21,6,22,6,20,17,3,12,6,10,42,11,8,22,4,22,1,3,4,3,4,12,5,1,10,4,12,3,15,10,11,13,7,6,24,4,4,20,2,10,4,9,10,0,1,10,1,1,19,2,8,21,20,19,6,22,10,6,28,16,22,32
925341,30,67,19,44,73,11,21,64,22,8,117,14,56,40,117,46,22,75,24,14,257,39,35,116,31,60,9,43,57,16,23,110,32,18,155,30,55,33,104,55,39,114,37,23,281,35,42,128,25,88,9,11,40,12,10,61,17,13,61,25,33,18,87,32,36,65,25,12,190,30,48,102,16,59,18,19,49,6,10,36,10,7,113,16,41,30,95,39,31,93,20,10,146,46,62,85
909728,3,5,2,20,8,3,7,11,4,1,18,6,21,5,20,14,3,16,7,3,34,11,5,13,10,5,4,19,5,3,6,18,11,1,13,7,27,4,16,12,8,24,14,6,39,13,5,17,3,27,0,9,5,4,4,12,4,4,12,2,6,6,13,8,11,11,5,2,24,8,10,9,3,7,4,15,8,3,3,4,4,3,22,2,14,3,12,12,1,23,7,3,28,10,13,25
905949,8,8,4,26,9,1,3,7,2,7,15,1,20,4,19,14,2,10,2,3,38,9,4,16,5,6,1,23,8,5,4,11,5,7,15,5,15,3,22,14,5,19,6,4,58,7,3,16,5,16,6,13,7,2,2,11,1,1,9,5,10,6,11,9,17,16,2,4,27,5,19,15,0,2,2,8,8,3,2,9,3,3,20,4,9,2,13,17,7,18,4,3,25,12,10,30
724859,3,14,4,31,12,5,5,11,3,2,26,4,25,7,22,9,8,15,3,0,65,12,9,20,0,6,1,24,10,2,8,20,5,4,29,4,13,3,13,5,10,15,0,3,47,6,11,18,3,22,0,11,7,2,3,21,4,3,14,4,9,10,16,6,15,21,5,5,40,5,26,14,2,6,7,17,9,2,1,7,3,2,16,4,4,3,20,7,8,27,1,5,38,9,11,38
687596,3,6,2,26,6,2,4,7,6,1,19,1,19,7,14,11,7,12,7,2,41,10,4,14,0,2,1,22,7,4,5,13,5,1,23,4,17,10,9,11,10,13,3,2,52,13,16,17,5,27,4,9,8,0,1,20,3,0,9,5,6,10,11,9,12,21,2,5,27,9,20,10,3,10,5,5,10,2,0,7,4,1,22,1,14,36,57,14,15,35,4,4,40,13,49,28
724831,5,9,7,29,6,2,2,11,3,2,13,1,15,3,15,13,3,17,4,2,42,15,11,7,4,5,2,17,8,5,4,14,9,2,18,5,13,2,23,8,5,17,7,2,38,10,9,11,2,15,1,6,7,1,1,12,3,0,9,2,9,5,10,7,18,14,3,4,30,5,19,20,1,7,0,7,2,4,0,5,1,2,17,2,5,2,10,7,5,28,0,4,21,9,7,15
724866,8,13,5,29,15,5,3,12,4,3,18,2,27,8,26,15,6,15,8,3,54,10,2,20,7,14,1,21,16,8,8,20,6,2,16,5,20,6,23,15,7,22,7,10,53,15,7,24,5,20,4,11,7,2,4,17,10,1,9,7,8,12,17,8,13,18,8,8,35,14,22,13,3,11,5,8,9,3,0,6,4,2,22,3,12,13,31,17,8,25,3,1,35,12,17,45
684681,2,20,0,30,8,3,1,15,2,1,19,6,24,3,21,25,5,25,7,3,46,8,4,13,4,8,2,30,10,3,5,21,5,3,25,6,18,8,22,18,14,22,4,4,57,6,4,24,2,23,3,9,7,7,2,17,6,2,15,3,8,12,9,9,19,15,8,6,32,2,28,20,1,9,3,10,8,4,1,14,4,0,21,3,20,6,22,6,11,20,2,4,22,9,12,38
687794,3,5,6,24,4,0,2,8,3,3,12,4,28,7,14,10,2,13,6,3,34,12,8,11,3,5,1,21,9,1,2,20,5,1,15,3,8,3,19,8,6,16,8,4,34,9,7,18,3,6,0,12,7,0,4,24,2,0,12,1,9,6,7,12,16,12,4,7,31,4,18,12,5,5,0,5,7,1,2,3,3,3,15,1,9,8,15,9,7,22,4,2,26,8,7,31
687800,9,12,0,40,9,3,3,9,2,2,16,2,20,4,19,12,4,13,3,1,49,16,8,15,2,7,2,26,6,0,5,15,2,4,23,2,8,7,10,10,2,19,1,4,32,1,3,27,3,21,0,16,10,5,1,14,1,2,13,4,9,10,11,2,23,12,1,4,29,4,24,6,4,10,4,7,9,1,0,11,0,0,17,2,4,8,15,3,3,29,4,3,25,1,12,31
908473,2,9,1,39,15,4,4,8,2,0,18,1,22,7,19,14,4,18,6,5,41,13,5,15,5,8,3,19,10,8,7,21,8,2,20,11,21,4,15,9,8,25,7,3,45,10,6,27,6,25,3,5,6,3,3,18,1,1,12,2,14,12,14,7,19,14,5,2,34,8,21,16,3,15,2,14,3,0,2,5,2,1,26,0,4,6,20,3,7,31,1,2,25,12,10,24
908474,7,6,7,25,12,6,5,10,0,1,16,4,27,6,21,24,6,14,11,6,42,15,13,19,1,7,3,24,6,7,7,16,11,1,21,7,26,5,20,28,6,28,12,8,39,20,12,19,3,23,1,7,9,6,0,13,5,2,7,7,15,12,20,11,23,18,10,4,32,3,18,12,2,7,4,12,16,2,0,10,4,5,18,3,14,6,26,22,8,19,4,4,32,15,13,30
724868,4,5,0,24,14,1,0,3,4,3,16,6,15,3,14,8,6,14,2,1,47,7,4,14,4,9,0,14,5,0,5,14,5,4,18,2,15,4,13,10,7,24,7,3,43,13,8,13,5,23,2,3,9,1,0,13,2,1,9,3,9,8,15,6,12,15,2,6,35,6,13,16,2,2,1,9,5,1,3,7,1,0,14,3,11,6,18,13,8,15,3,4,22,5,15,22
687807,4,10,3,38,6,2,9,10,5,1,19,2,24,2,21,26,5,17,11,3,46,17,9,20,3,7,3,22,12,8,6,19,11,2,23,6,30,5,16,18,12,23,12,6,57,11,10,12,5,21,5,12,8,1,1,18,7,2,12,5,18,11,15,16,23,18,8,10,31,13,24,20,2,8,4,11,6,3,0,6,4,2,16,4,17,11,28,13,10,25,4,3,24,15,16,35
924244,6,9,3,31,5,1,2,11,3,4,24,6,17,6,25,13,4,13,4,1,56,9,10,21,6,9,1,25,12,3,8,7,3,3,29,5,10,3,13,10,7,19,4,6,50,5,9,17,3,20,3,8,7,1,2,27,1,3,20,4,9,3,13,7,11,11,9,4,23,3,25,19,1,11,5,8,12,1,1,6,3,1,18,3,13,2,18,8,5,30,4,6,29,8,9,24
724873,10,12,5,39,8,4,1,13,8,2,14,4,24,8,20,20,3,15,11,3,45,13,10,18,6,5,3,23,7,5,6,26,9,6,23,7,28,7,24,30,8,33,15,3,58,24,9,34,3,24,3,8,9,1,5,19,5,0,12,3,15,5,19,17,17,15,14,9,32,12,23,15,0,7,7,10,11,4,3,5,2,1,21,4,22,48,75,23,28,50,10,8,47,28,54,54
722045,9,12,3,36,8,3,4,15,1,2,14,2,19,4,16,17,3,19,8,6,47,7,7,13,3,4,3,30,9,2,1,20,5,1,26,4,28,6,20,19,6,23,6,4,48,14,6,24,6,33,4,8,7,3,5,19,0,2,14,3,14,8,14,12,15,11,9,7,39,3,28,10,1,11,3,10,5,0,0,6,2,0,10,8,11,8,26,8,8,26,5,6,27,16,10,28
722046,5,8,1,28,4,6,4,5,3,3,15,2,19,6,12,7,3,16,7,6,50,5,2,18,2,7,0,16,9,2,2,13,7,5,20,4,9,7,12,16,9,23,2,1,55,4,5,23,4,18,2,7,8,1,2,19,4,1,19,2,8,2,12,7,18,15,2,4,28,3,22,8,3,8,4,8,5,1,1,6,4,1,13,0,7,2,18,3,4,20,4,2,32,6,10,28
949164,6,4,1,2,8,2,0,7,1,1,15,2,8,4,16,6,4,11,2,1,37,5,7,5,2,5,0,6,11,4,5,17,1,4,18,2,6,0,10,2,7,14,2,4,44,2,5,20,3,4,1,1,5,6,1,7,3,2,7,4,3,3,9,1,7,13,1,3,37,1,7,18,1,6,1,1,4,2,0,9,1,2,15,4,5,2,13,6,1,26,0,2,24,7,9,10
949167,3,11,1,3,11,1,4,9,1,2,18,0,4,3,18,4,2,9,1,3,45,2,4,13,3,6,4,5,2,1,1,9,3,0,19,6,4,2,15,3,6,21,0,0,52,4,4,18,3,9,0,2,7,2,1,6,3,0,7,3,6,2,13,6,4,19,4,1,34,2,4,15,1,6,3,0,5,1,0,3,2,0,15,4,2,8,15,3,4,20,0,5,32,4,5,15
949168,7,9,4,3,11,2,3,17,1,6,22,2,11,9,24,13,6,11,2,1,64,5,9,13,6,13,1,2,6,5,7,13,9,5,23,8,8,0,17,3,7,19,4,6,65,0,3,25,6,2,1,4,5,1,0,6,2,2,12,0,8,4,12,3,2,13,2,2,30,5,5,17,4,13,1,2,9,2,1,6,1,1,20,2,4,1,18,2,6,22,0,0,30,6,17,17
949160,10,15,4,3,14,10,7,18,7,6,27,4,16,7,26,5,5,19,3,3,49,4,8,16,9,9,4,5,8,13,5,20,15,5,20,2,7,5,23,8,10,25,1,5,56,3,8,24,3,7,0,2,6,4,5,11,6,0,6,6,11,8,21,6,2,24,6,2,35,4,3,14,6,7,4,1,5,5,2,7,4,1,20,5,4,6,13,4,4,31,2,3,26,10,12,18
949166,6,26,6,3,13,4,10,20,5,3,39,3,10,12,32,19,9,29,7,1,91,4,8,30,4,15,5,8,20,5,14,47,4,6,49,6,14,15,34,14,11,44,7,4,107,6,18,33,5,17,5,3,9,6,9,17,1,0,10,6,8,11,28,7,5,23,8,6,73,3,11,24,6,16,6,1,12,5,3,17,4,2,31,4,9,9,31,9,9,50,1,11,62,8,14,31
949165,6,9,2,2,10,5,0,8,1,1,15,1,6,9,20,9,4,21,5,2,52,5,4,15,1,9,4,4,16,1,4,14,1,0,21,0,10,3,14,5,5,21,3,2,47,2,3,16,4,8,3,1,2,0,7,9,1,3,6,4,9,3,14,5,8,13,3,1,36,2,4,14,2,7,2,1,5,0,2,9,0,0,22,4,5,7,13,4,6,32,2,1,48,5,7,12
684059,7,5,2,2,6,1,3,5,0,1,11,4,16,4,19,8,4,6,1,2,34,2,4,9,3,2,0,7,4,1,5,19,3,7,19,2,6,3,19,6,10,13,1,2,44,5,3,19,6,8,7,0,5,1,2,13,3,0,5,1,4,3,11,7,7,15,3,0,35,6,4,11,0,5,0,3,7,1,3,8,1,3,18,2,6,7,11,3,7,20,1,3,23,5,5,13
949155,11,14,5,4,12,2,5,11,1,4,19,1,16,6,35,11,5,21,7,4,47,5,4,21,4,6,2,4,8,2,10,24,2,5,31,3,11,3,27,13,9,31,7,6,68,6,10,20,2,12,2,2,4,2,2,7,1,3,8,2,14,3,17,8,3,13,5,6,49,10,6,23,3,7,3,0,7,5,1,8,0,2,27,4,9,3,23,9,11,33,2,5,32,10,15,14
949158,4,10,3,2,9,3,1,9,2,3,11,3,4,11,23,7,5,19,2,2,48,1,5,13,3,7,0,5,10,2,1,23,7,4,19,5,11,5,17,5,12,22,1,3,55,1,6,24,5,10,1,2,9,0,3,11,2,2,11,4,2,1,11,5,5,19,2,0,42,4,2,13,2,6,5,1,5,0,0,5,1,0,9,1,5,5,15,5,8,22,1,3,36,6,4,14
949161,4,14,1,2,5,5,1,14,4,6,21,3,9,9,28,15,3,16,4,2,56,10,10,23,3,8,1,8,14,5,6,21,6,4,39,6,7,8,18,5,13,33,3,3,71,3,7,21,6,9,0,2,5,1,4,10,3,2,11,1,7,5,15,5,5,19,6,1,49,0,8,19,4,12,5,1,13,1,2,9,3,5,20,2,5,6,18,6,6,34,2,1,35,8,10,18
684055,2,12,1,1,13,1,10,14,0,1,16,7,3,7,28,9,3,20,2,4,57,2,7,10,5,5,0,4,8,5,5,18,7,3,24,3,7,4,15,6,3,17,1,3,60,5,8,28,6,9,4,3,2,4,5,9,1,1,12,5,5,8,9,4,4,20,4,4,34,0,2,22,3,10,1,3,7,1,1,12,1,3,21,1,3,5,9,5,5,23,1,2,37,8,12,15
1298136,6,7,6,1,9,2,4,7,0,2,20,2,9,3,24,5,4,23,3,1,53,3,8,21,6,1,1,2,7,2,2,17,3,9,19,5,7,5,17,12,6,34,6,2,52,0,4,18,2,7,0,1,4,2,2,6,6,1,16,1,13,3,17,5,2,17,7,4,34,5,2,20,1,4,3,4,7,2,2,8,0,2,26,3,5,3,18,3,6,21,0,1,33,13,8,19
749714,4,5,3,1,7,3,2,10,2,1,12,3,1,5,16,4,3,9,2,3,32,1,3,13,3,2,1,3,6,3,4,10,2,4,16,6,6,2,17,4,3,16,6,3,39,4,4,14,0,4,1,0,4,2,2,5,3,2,6,5,2,4,15,2,0,12,2,1,23,3,5,12,1,5,3,0,8,1,0,1,1,0,13,1,3,10,9,6,2,13,0,2,22,4,11,13
749709,5,14,3,3,13,1,4,12,0,5,22,3,11,6,22,11,5,20,7,0,80,5,3,11,6,11,3,3,17,2,4,22,5,3,22,11,5,3,21,9,10,23,6,7,74,5,1,23,5,11,0,2,6,2,1,6,4,2,10,3,9,5,13,5,2,21,4,1,53,11,4,16,1,8,3,0,9,0,1,9,3,0,21,3,7,2,23,7,12,25,2,6,47,8,12,20
749711,6,6,1,3,8,2,3,5,3,3,16,1,9,6,18,8,5,10,1,2,38,2,5,11,2,4,2,4,3,1,5,9,6,3,24,4,4,7,12,3,5,18,6,3,38,6,4,18,3,4,2,0,4,2,4,5,2,0,6,2,1,4,15,4,4,9,4,1,25,4,2,11,1,6,4,1,6,1,3,3,2,3,15,2,4,3,9,3,4,24,4,3,31,3,10,14
749713,6,4,4,4,10,1,2,8,1,2,13,6,5,5,28,4,4,17,2,1,45,7,2,16,2,4,2,4,6,4,3,18,6,3,21,2,6,3,16,2,9,20,2,3,52,3,8,19,0,10,1,0,7,4,3,13,2,1,6,2,5,2,15,5,5,9,1,0,32,2,1,6,7,7,1,0,7,1,1,3,0,4,15,0,2,5,13,8,9,26,3,2,31,6,12,17
749715,40,95,21,17,72,6,20,87,15,17,138,18,37,40,135,46,28,113,16,8,310,17,27,114,18,64,12,27,89,18,35,117,25,27,194,28,28,37,110,30,54,102,21,23,302,25,32,130,19,51,6,13,58,11,23,41,17,13,38,20,36,30,87,39,30,99,22,20,233,29,27,97,17,69,23,13,50,1,8,41,2,7,132,23,20,30,96,38,40,93,12,14,175,25,69,98
749716,1,4,4,2,10,1,4,15,0,3,13,1,7,6,19,6,2,10,1,3,48,5,4,15,6,5,2,4,8,2,3,14,1,1,21,1,7,3,19,8,11,12,2,3,46,5,7,19,3,5,1,1,3,3,3,11,2,2,6,1,6,5,13,6,7,15,3,1,39,1,7,19,3,8,0,3,5,3,0,7,3,1,8,2,6,26,35,6,8,20,3,3,36,11,37,27
1290806,10,14,6,0,10,4,6,15,2,4,23,1,6,4,12,10,5,19,1,2,51,2,6,15,5,6,2,5,14,3,5,19,1,4,23,4,11,4,13,4,6,17,4,2,57,4,3,21,3,6,4,4,4,5,1,4,3,1,10,4,6,2,12,6,5,12,4,1,35,2,5,17,1,13,3,0,7,3,1,7,2,0,22,1,4,2,19,9,6,10,1,4,32,8,8,21
910925,4,6,3,3,9,3,6,13,4,1,17,0,4,4,19,9,5,11,1,1,59,7,10,16,4,9,1,1,7,5,7,14,4,5,22,4,7,4,12,7,8,22,4,2,73,5,3,16,3,8,2,2,4,3,1,10,1,2,10,4,3,5,15,7,4,14,1,2,58,4,5,24,5,13,2,0,11,1,2,4,3,1,22,1,12,31,57,6,12,33,3,4,34,9,63,39
906804,33,90,9,11,77,15,17,78,17,16,110,21,43,34,141,54,16,94,12,18,373,20,30,102,31,77,7,21,90,16,32,142,20,21,182,27,29,35,101,37,52,143,26,22,366,24,48,146,18,45,11,14,50,15,20,61,20,9,58,22,26,26,84,41,27,111,25,11,253,24,21,91,18,58,23,6,49,10,12,41,9,14,134,23,21,29,116,35,38,102,7,30,188,33,65,109
906794,11,9,5,2,12,2,1,9,4,2,18,2,10,6,18,15,3,14,2,1,50,5,6,12,6,4,2,3,8,2,1,17,4,5,16,5,7,7,20,11,5,18,8,2,36,8,7,17,4,6,1,1,3,3,1,8,5,3,10,3,7,2,6,7,1,22,3,3,31,5,4,16,3,10,2,2,10,3,1,7,2,2,20,5,14,9,23,6,5,24,0,3,34,7,20,28
907173,15,6,0,2,10,2,4,13,0,1,28,3,5,4,26,8,9,22,2,5,51,0,5,16,6,16,2,6,13,2,6,13,3,1,31,2,8,4,16,4,12,23,0,1,74,1,11,16,2,7,3,0,6,2,7,7,2,0,10,5,5,8,19,4,4,15,8,0,33,4,3,16,3,10,4,2,7,2,2,7,2,2,16,2,4,7,12,6,8,25,1,1,35,2,17,21
1290810,6,16,4,1,9,1,2,9,0,2,29,2,4,3,32,9,5,17,6,0,61,3,6,18,4,7,2,3,11,3,5,17,3,2,20,3,5,7,14,10,8,22,3,3,58,6,13,25,6,6,2,0,5,1,3,12,2,2,6,3,6,1,7,9,4,18,4,5,27,4,8,13,4,6,2,2,14,2,1,14,1,6,9,0,2,3,16,8,3,26,2,1,32,6,11,23
1240135,19,42,10,12,40,7,14,51,9,9,50,6,18,23,71,37,12,55,16,12,198,13,20,60,18,43,6,14,58,3,17,82,14,13,76,14,25,20,72,17,32,80,12,17,222,10,23,78,17,34,7,10,26,7,14,27,11,4,38,13,14,14,55,22,13,60,18,5,141,14,19,71,4,34,12,4,20,6,2,28,5,6,81,14,14,15,62,22,22,60,7,9,107,20,32,55
753531,4,10,5,4,9,1,6,14,1,0,9,2,21,5,16,11,9,15,2,4,38,2,4,15,2,4,0,13,9,1,3,9,1,1,18,3,14,3,17,3,8,17,6,3,49,3,3,23,3,6,1,7,6,3,2,7,2,1,15,0,15,3,17,10,1,8,1,4,24,1,6,13,2,6,3,2,7,2,1,4,0,0,9,2,11,15,13,6,3,17,2,1,23,6,10,24
905948,7,8,4,6,9,2,1,12,0,3,27,5,12,6,17,6,4,17,3,3,35,7,5,14,3,10,0,3,8,3,6,14,3,2,19,4,19,7,17,13,4,17,4,5,52,0,4,10,5,4,4,2,4,1,2,5,5,1,9,2,10,5,12,8,3,13,4,2,30,5,4,17,0,9,3,0,8,1,1,10,3,1,13,3,10,2,17,6,2,25,4,4,23,10,6,15
910920,31,73,14,17,64,8,14,56,12,12,97,12,36,33,105,26,13,73,20,13,257,24,21,80,22,59,7,25,64,12,25,105,19,17,155,22,31,27,83,21,40,102,19,17,259,23,29,101,23,47,7,8,42,15,18,58,8,8,44,20,29,23,67,31,31,72,23,15,213,16,18,94,14,49,21,11,43,3,1,30,10,10,118,14,29,21,79,22,28,79,11,13,149,25,40,90
908470,21,58,15,11,51,10,19,59,12,16,95,21,30,31,108,35,18,82,13,9,267,16,27,84,19,67,11,25,62,13,35,94,20,20,142,19,27,35,76,32,35,98,18,19,281,29,31,134,16,38,7,6,34,9,16,41,12,14,49,19,19,25,72,31,19,81,27,13,163,13,27,82,12,45,14,6,41,5,6,43,11,11,118,14,19,26,76,26,24,85,10,8,132,20,51,75
1290814,4,9,3,3,11,1,4,9,2,3,17,2,17,2,25,7,3,14,0,3,38,4,4,13,6,12,3,3,8,1,6,22,2,5,27,5,2,5,29,5,4,16,6,3,56,0,3,25,3,9,1,1,5,0,3,11,1,1,3,3,6,2,19,7,10,10,7,4,41,4,2,25,6,9,1,2,11,3,0,10,2,3,12,5,1,9,16,3,5,26,3,0,39,6,6,19
1290808,2,10,2,3,9,3,3,11,4,1,16,5,9,5,18,6,4,16,4,0,38,1,4,18,7,6,0,3,9,6,2,11,6,2,28,6,4,8,11,9,9,24,1,1,51,10,5,19,3,6,0,1,1,2,3,5,0,0,4,1,6,7,13,6,2,25,4,1,23,7,2,13,0,6,0,2,4,2,1,6,4,0,20,4,3,3,14,6,4,27,0,1,27,2,8,5
1290813,5,15,4,3,11,6,4,11,2,4,14,2,5,5,21,6,6,25,2,2,67,6,8,20,2,12,2,2,11,3,6,23,2,3,18,5,9,8,20,7,10,16,1,3,61,8,13,25,2,5,1,0,6,3,5,12,2,1,8,2,6,4,21,5,7,19,6,3,33,5,9,23,5,12,4,1,7,0,2,9,3,4,15,3,4,4,16,5,8,20,7,2,41,4,13,23
1290812,8,17,1,4,9,3,1,9,1,4,16,1,9,5,24,11,6,15,4,1,56,4,6,23,5,3,1,4,6,0,5,15,5,4,23,4,6,11,18,5,12,22,2,5,57,3,11,14,5,11,3,1,6,1,6,5,4,1,9,3,9,4,14,6,6,20,5,1,43,6,9,13,3,4,3,1,7,2,0,9,0,2,18,5,5,4,12,4,5,26,1,1,28,7,2,18
906826,2,8,3,3,5,0,5,6,1,0,15,2,4,2,18,3,5,9,1,1,42,0,9,6,2,2,1,4,7,2,2,10,3,1,18,2,9,4,7,7,6,18,1,1,28,4,3,11,1,4,0,1,6,0,4,4,4,0,8,3,5,1,3,3,3,8,4,0,31,1,3,10,0,3,0,1,7,0,0,3,0,0,7,3,3,4,14,4,1,17,4,0,23,3,3,9
906801,8,8,4,4,11,4,7,6,3,2,13,4,9,6,29,7,7,13,4,0,42,0,5,11,2,3,1,3,5,2,9,15,5,4,16,4,8,6,12,5,7,18,4,6,44,6,6,26,4,5,2,1,4,4,3,6,0,2,9,7,4,5,7,6,6,11,6,2,31,3,3,18,2,6,3,2,4,3,1,10,0,2,16,3,10,16,20,9,4,25,3,5,28,10,16,27
910924,15,23,10,14,15,5,13,15,2,3,23,8,7,9,42,6,4,24,1,1,109,7,7,22,4,19,4,4,28,3,8,43,5,5,35,4,15,6,18,34,9,32,11,2,123,58,9,32,3,15,2,2,26,9,9,12,4,2,19,5,6,2,35,11,5,90,3,0,222,14,6,44,2,8,11,1,25,2,2,9,3,0,22,1,4,0,23,4,6,35,2,6,59,14,11,20
724855,6,9,4,0,5,1,2,8,4,2,14,3,16,3,17,10,3,21,9,2,49,7,10,12,3,8,2,3,12,2,5,17,12,3,17,3,21,3,24,18,4,19,11,4,47,23,3,19,4,4,2,0,2,5,2,5,4,0,9,1,15,6,15,5,7,12,10,3,36,9,7,14,1,10,2,2,4,1,1,7,3,2,13,2,11,7,14,19,7,19,5,2,21,9,7,15
687820,4,8,3,0,14,4,4,8,5,5,26,4,19,6,19,13,3,20,5,4,44,5,6,11,4,8,3,3,7,6,3,17,17,1,28,6,20,6,15,34,7,25,11,8,56,22,10,22,1,8,2,0,2,2,1,7,1,1,6,2,16,7,15,19,8,15,9,2,41,5,5,15,2,10,3,1,4,1,2,6,2,0,29,5,20,24,40,16,18,33,4,5,30,15,37,40
907056,3,8,2,5,7,3,7,13,2,1,26,5,5,7,19,7,4,22,2,1,58,1,3,19,4,8,3,6,16,3,7,15,4,5,24,4,7,8,17,7,3,32,2,1,69,5,6,31,4,7,0,0,11,1,3,9,5,0,11,4,6,1,13,11,6,15,2,2,43,8,2,16,4,13,4,1,13,0,1,5,1,2,17,3,8,4,21,7,8,51,3,3,45,5,10,23
910935,13,17,2,4,8,5,2,9,5,2,30,4,7,5,28,14,5,19,5,4,54,3,10,14,4,14,1,7,9,2,6,13,4,6,26,4,4,10,21,6,13,24,5,8,65,6,7,17,9,13,5,3,6,2,3,12,3,2,13,4,5,6,15,8,4,18,4,3,45,4,5,24,5,13,4,3,6,1,1,11,4,2,35,4,6,8,18,3,3,21,2,2,28,9,11,17
753563,6,18,4,2,10,2,3,13,2,0,22,3,13,6,20,7,6,12,1,1,46,6,6,21,1,11,3,7,11,4,3,18,2,2,26,4,10,7,18,6,3,24,4,2,56,7,8,25,5,12,1,2,4,2,4,8,3,2,10,6,5,1,13,7,2,14,8,3,39,4,4,20,1,15,7,3,7,1,1,9,2,1,25,6,5,8,21,7,7,27,2,1,37,7,9,16
909731,8,11,8,5,16,3,1,11,3,2,34,1,6,6,19,10,4,19,4,0,59,4,7,19,2,5,5,28,11,6,2,16,5,8,29,4,2,7,14,4,11,21,5,4,48,0,5,18,6,10,0,3,5,2,5,16,3,2,10,4,10,10,17,8,2,12,1,3,42,6,6,18,2,11,3,3,8,3,4,10,1,3,22,3,8,6,14,4,13,31,4,4,34,13,11,23
753545,9,15,3,7,15,4,8,16,3,1,25,3,9,6,24,10,1,20,3,3,64,1,2,18,7,8,2,25,12,7,8,16,3,8,38,8,18,8,30,9,7,36,6,3,67,6,9,30,5,7,0,1,8,3,5,17,2,2,12,5,9,6,18,7,9,17,5,7,44,0,2,17,3,13,3,1,4,1,0,8,2,2,22,2,6,7,29,5,9,63,2,5,55,6,17,34
1287381,40,55,28,17,81,13,28,62,15,12,137,20,42,28,134,39,28,96,19,15,296,24,50,101,22,68,9,27,88,11,31,126,27,19,177,27,30,32,105,40,31,120,19,18,307,29,24,122,25,52,8,9,50,19,23,54,16,14,58,18,27,31,94,43,31,104,21,11,213,15,28,83,16,61,15,8,52,6,10,40,6,18,152,18,24,21,86,28,34,93,15,7,176,35,46,86
688018,6,13,7,6,7,2,4,13,4,4,27,1,22,6,24,7,7,23,8,5,57,9,3,15,4,6,8,12,9,7,3,16,9,2,33,7,24,8,15,15,8,35,8,1,45,15,10,38,4,9,4,0,5,3,6,7,6,0,7,6,10,4,16,18,9,20,9,6,28,14,5,16,4,9,3,2,6,4,1,9,2,3,24,5,15,3,20,17,13,30,4,4,42,15,7,17
910951,8,18,1,5,30,4,8,29,2,5,34,3,3,14,39,9,5,22,2,5,168,3,7,29,4,9,3,8,27,6,4,32,5,4,35,5,9,4,23,17,14,31,5,3,203,21,14,31,4,19,5,3,16,2,3,20,5,2,16,6,9,7,38,11,4,36,9,2,204,11,6,50,1,18,9,1,29,2,3,21,1,1,45,6,10,7,17,12,6,32,6,5,62,9,9,32
1524415,9,18,2,5,14,5,2,16,2,4,31,2,6,7,21,6,4,36,3,2,65,4,6,15,12,9,1,7,10,2,6,18,4,2,31,4,5,8,22,6,10,23,3,2,61,4,3,32,9,12,1,4,7,1,1,11,4,1,8,2,6,5,11,4,7,17,3,2,53,4,10,15,2,10,5,4,7,0,2,7,2,2,22,4,7,15,13,7,7,32,1,5,39,10,12,19
909735,6,18,7,5,12,2,7,24,0,0,18,6,6,10,41,14,6,28,5,1,129,12,7,39,4,13,1,10,17,5,7,46,4,3,42,2,24,11,26,29,5,45,11,2,133,70,6,41,4,16,3,1,17,2,4,19,4,6,17,3,10,4,49,5,7,47,4,1,121,9,3,55,4,9,2,5,19,0,0,18,2,1,30,3,6,3,20,13,7,29,2,2,71,8,16,21
1240182,11,12,4,5,12,2,6,18,5,8,29,4,19,14,31,9,7,16,0,1,59,6,6,19,3,10,8,9,12,4,9,18,8,3,25,7,14,16,18,13,7,32,5,6,51,13,17,28,4,12,6,2,8,3,6,6,5,2,6,9,16,2,15,15,12,18,6,5,48,8,1,19,3,13,5,2,9,4,1,23,4,3,28,7,14,7,20,11,8,36,5,1,46,9,11,22
1240172,4,5,2,1,7,3,3,7,4,5,12,1,6,4,19,7,2,9,3,0,39,5,8,10,2,5,2,7,7,3,3,17,2,1,22,1,8,7,15,13,6,22,2,4,34,3,7,16,1,4,0,2,3,0,0,3,5,4,7,4,11,7,9,6,3,14,5,1,33,5,7,15,1,3,1,2,7,2,2,3,0,2,15,3,7,5,14,4,6,21,1,0,23,12,13,21
905940,5,6,3,4,7,1,5,9,1,4,17,2,12,5,18,4,4,23,2,2,39,6,8,12,2,8,1,4,5,3,5,16,3,3,12,3,8,4,14,8,8,15,7,6,45,7,5,23,4,5,1,0,5,0,3,4,1,1,5,4,7,2,8,8,5,16,5,0,37,8,2,13,1,9,2,3,2,2,1,2,1,4,15,5,4,3,17,4,4,21,1,5,30,8,13,12
949179,8,24,2,0,14,5,5,13,5,6,26,2,13,11,18,12,7,20,3,1,63,6,9,20,5,11,3,6,9,7,3,17,4,6,33,10,7,9,17,4,7,22,1,5,68,7,13,28,11,18,3,1,6,2,6,11,2,5,9,6,9,1,20,9,3,25,4,0,46,11,3,25,7,11,1,2,9,3,5,6,3,0,24,5,15,4,19,9,7,26,6,1,50,17,15,21
1298157,7,7,2,4,5,2,5,7,0,3,20,4,7,6,20,7,4,16,2,5,54,2,4,12,0,9,3,9,7,2,6,11,3,8,18,2,2,2,15,7,1,14,3,4,57,3,12,20,5,6,0,0,5,1,4,10,1,0,9,8,5,2,10,5,3,13,3,1,36,1,5,12,1,6,3,1,5,1,4,4,3,1,21,3,5,11,13,5,9,15,2,2,26,3,7,12
906833,0,0,0,0,1,0,0,0,0,0,0,0,3,1,0,2,1,1,0,0,3,2,0,0,0,0,0,0,0,0,0,0,2,0,0,0,1,0,1,1,0,5,0,0,0,1,1,2,1,0,0,0,1,0,0,1,0,0,0,1,5,0,1,1,0,0,0,0,1,1,0,0,0,1,0,0,0,0,1,1,0,0,0,0,1,0,1,2,1,1,0,0,2,1,1,1
909736,6,14,4,5,12,2,6,13,2,5,29,2,6,5,32,6,4,14,4,3,77,3,4,16,1,14,6,7,11,3,6,22,2,7,36,6,7,7,22,7,9,24,5,1,57,3,5,17,4,11,5,3,4,2,3,6,7,1,16,6,8,4,14,7,4,7,3,1,50,5,7,22,5,21,4,3,8,7,3,4,2,3,17,0,6,2,18,5,10,15,3,1,32,10,13,13
687563,3,9,4,1,4,2,2,12,0,5,8,4,9,11,14,3,7,14,6,4,57,3,5,11,4,5,1,3,4,2,5,14,1,1,19,1,3,6,9,3,2,15,0,1,28,6,5,17,2,8,3,3,6,3,2,4,3,0,5,7,6,2,7,4,4,9,2,0,32,2,2,12,2,11,1,2,9,0,3,5,0,2,9,0,5,5,12,4,4,29,3,4,20,11,14,14
910697,5,12,3,3,17,4,7,15,4,3,24,5,6,6,24,9,2,20,3,2,61,2,11,25,0,16,3,3,13,6,6,19,2,2,28,7,11,6,28,9,8,23,5,7,63,9,11,22,4,7,1,2,7,3,7,17,2,2,6,8,10,3,14,5,6,10,4,3,54,4,4,16,4,9,0,1,9,1,1,6,1,3,23,5,5,12,37,11,11,44,2,4,52,11,33,36
910784,4,15,4,1,8,4,2,7,0,2,21,3,6,5,20,8,5,24,4,4,57,4,3,13,4,8,1,1,9,4,4,23,1,6,25,5,4,11,13,7,7,27,3,4,58,7,11,25,1,6,2,2,8,2,4,4,4,1,12,5,9,2,10,9,6,20,3,1,35,5,1,13,4,11,1,0,4,2,1,4,0,1,22,5,2,6,16,6,8,26,2,2,29,12,8,14
684052,4,11,2,0,7,0,4,6,3,2,19,1,10,5,18,6,3,22,3,1,44,5,2,10,4,8,2,6,7,3,7,16,3,0,21,3,8,4,19,7,5,20,0,5,68,4,4,23,3,4,0,3,7,4,2,9,3,0,10,2,3,4,10,9,6,6,1,1,39,4,3,12,3,6,1,1,6,1,1,6,1,2,16,1,6,4,13,6,5,19,1,0,35,5,10,18
753566,4,9,3,1,8,2,4,9,1,2,11,1,19,4,14,9,4,15,1,6,41,4,2,12,2,6,1,5,3,2,1,16,4,3,23,1,13,8,17,4,2,23,1,2,57,7,6,20,4,4,1,5,6,1,1,6,4,1,8,6,13,7,14,2,3,10,2,2,28,5,4,14,1,5,3,0,8,2,0,4,1,3,10,1,14,12,12,2,5,24,0,0,30,2,17,13
949171,9,6,1,3,7,2,3,17,3,2,19,2,6,9,22,9,3,19,1,2,52,6,8,11,1,7,1,10,4,3,5,22,6,4,24,4,10,6,16,6,7,30,5,4,59,5,4,36,4,8,0,2,5,6,3,17,2,0,9,9,8,5,12,8,5,15,3,1,37,3,4,18,3,11,3,4,5,1,1,9,1,5,18,1,5,6,13,7,6,32,1,0,29,13,9,25
908129,3,12,2,1,7,2,2,9,0,3,16,4,6,8,25,7,3,11,4,0,45,3,4,13,3,11,1,5,4,1,7,15,2,4,20,1,5,5,13,8,3,21,4,3,44,1,8,19,0,6,2,0,6,3,3,11,2,2,6,2,6,5,4,0,0,10,1,1,30,3,2,15,3,8,1,0,9,2,2,5,1,0,17,0,1,2,14,3,3,14,5,3,28,6,9,15
907175,16,40,10,6,31,5,12,35,12,6,63,12,33,24,70,22,12,44,7,5,160,17,17,58,7,34,10,19,29,13,13,68,16,11,90,15,27,9,55,17,29,54,13,15,169,18,12,56,13,23,2,9,16,9,16,18,8,6,30,16,28,15,33,15,16,51,13,4,125,15,18,47,7,27,11,7,32,2,2,8,6,2,61,15,23,10,42,21,18,48,9,7,94,26,27,43
971774,28,59,11,14,55,11,19,55,5,4,91,8,30,27,93,28,17,72,11,10,223,18,21,55,21,46,8,28,59,8,12,110,15,27,109,18,20,20,83,27,40,102,13,12,265,15,29,95,20,32,9,12,33,10,17,47,6,9,38,14,19,24,59,24,13,70,29,10,187,16,16,69,11,35,15,17,24,4,4,29,4,8,108,6,13,22,66,28,28,67,6,11,143,22,37,83
906872,5,18,4,1,13,2,3,20,6,4,32,1,9,8,31,14,6,23,6,4,57,5,6,22,4,16,1,9,11,8,4,25,8,3,28,5,13,2,29,9,11,28,3,5,80,9,10,40,8,17,2,3,4,1,6,11,3,2,12,3,6,5,17,7,8,26,7,4,44,7,6,20,3,13,7,7,8,2,1,11,2,3,15,2,10,5,14,10,5,26,1,7,45,17,6,21
908159,49,98,22,108,87,14,30,71,23,20,143,18,89,45,145,62,25,101,25,20,329,45,34,107,36,71,12,110,89,19,31,132,24,29,201,25,49,33,103,36,55,121,21,16,308,30,51,141,20,107,15,45,60,14,14,103,11,15,99,23,47,47,91,35,67,86,26,21,213,34,62,124,28,66,31,36,59,5,9,51,12,5,173,22,34,32,113,36,32,123,13,17,200,45,70,132
713869,3,14,3,2,15,5,3,13,11,4,22,4,34,7,26,18,4,25,10,5,54,13,9,20,2,8,4,17,16,7,7,28,16,5,31,8,44,14,25,37,17,29,24,3,56,39,10,38,3,8,3,2,6,7,1,5,10,2,4,7,32,5,16,21,6,29,15,3,36,12,5,10,4,10,3,5,11,5,1,8,5,4,26,5,25,9,23,27,8,27,5,7,38,28,18,25
1290767,6,9,3,1,11,3,5,15,0,2,28,4,6,4,25,10,5,13,0,4,42,6,6,13,3,10,2,13,9,4,5,17,2,2,27,0,5,3,14,6,9,20,4,3,54,5,4,24,3,5,1,3,4,2,2,11,3,1,9,5,9,4,17,10,1,17,6,2,35,6,3,14,4,6,3,2,5,3,1,11,2,0,16,2,3,6,18,4,5,18,2,4,34,5,12,16
908150,8,10,7,2,10,2,3,8,4,4,22,1,10,5,20,13,2,26,4,4,60,6,4,17,4,4,0,5,10,7,5,20,7,7,31,3,2,5,20,6,9,31,4,4,59,3,10,28,5,12,1,1,4,3,5,7,4,2,12,3,4,7,13,0,5,14,5,2,50,4,5,24,4,11,6,2,12,0,3,14,0,2,18,3,6,5,15,7,8,29,4,1,27,2,11,13
906808,6,12,10,1,18,7,8,22,7,2,15,4,14,13,35,10,4,19,4,2,58,4,9,19,5,16,3,2,10,2,3,19,10,4,33,10,18,3,22,22,11,20,5,4,52,11,12,27,5,11,3,1,7,2,3,11,7,2,14,1,13,6,10,9,9,20,6,2,28,8,6,18,6,17,6,3,9,7,1,13,4,1,23,7,10,11,16,14,7,25,3,2,31,11,21,19
910692,5,11,5,3,9,4,8,19,4,1,21,8,21,9,25,22,4,20,12,2,53,9,6,23,4,12,4,3,14,7,8,13,13,2,24,7,21,7,22,14,7,21,12,3,55,17,6,36,10,4,0,2,4,6,3,11,3,0,9,4,13,4,18,16,5,21,6,2,49,10,3,14,1,10,7,2,12,2,0,6,3,4,31,6,17,4,20,21,7,31,10,2,24,18,14,34
906805,7,7,3,1,7,0,2,10,3,2,21,3,4,4,12,4,1,22,6,3,48,2,2,20,4,7,4,7,8,3,2,19,6,4,22,5,7,7,18,3,5,20,5,7,55,5,9,22,4,4,1,1,6,2,2,6,1,2,8,3,6,6,13,7,3,11,3,1,38,6,3,16,2,5,4,1,11,2,1,5,1,0,18,3,6,4,16,7,4,20,1,4,28,6,6,9
753547,7,19,3,3,7,3,5,10,1,4,17,5,9,3,19,8,4,14,5,3,52,5,3,19,5,8,3,9,19,4,2,21,7,3,20,0,8,6,22,6,8,18,9,6,52,3,9,15,6,7,2,2,5,3,3,4,2,1,5,3,5,6,15,13,4,18,7,5,40,7,7,23,5,2,5,1,11,1,2,13,4,1,17,2,12,5,22,10,6,16,4,1,18,9,7,19
753594,6,11,3,5,16,2,4,20,3,3,21,5,9,5,21,11,7,18,6,1,50,5,5,15,4,6,1,4,10,4,3,19,4,3,33,5,4,10,25,11,6,27,3,4,71,9,11,25,3,2,3,3,5,1,3,8,6,2,8,4,4,2,14,3,3,18,3,2,47,4,13,33,2,11,1,1,10,0,0,6,2,5,27,4,7,6,12,5,7,20,3,6,38,6,10,20
905970,3,8,4,3,3,1,5,6,2,0,19,1,17,5,20,10,4,17,7,5,37,9,3,7,11,8,3,3,8,7,6,15,13,3,32,9,24,12,8,8,10,18,5,1,45,16,7,24,3,8,2,2,3,2,2,5,6,3,11,4,11,5,16,8,3,11,4,3,28,7,8,11,0,11,3,1,8,3,2,9,6,2,24,8,11,7,17,12,7,22,3,3,30,9,11,22
905972,3,5,1,2,15,2,6,13,5,1,8,1,10,6,16,6,4,24,3,2,50,9,6,12,5,6,0,7,10,3,1,16,5,2,19,6,15,8,26,18,6,22,6,3,50,11,9,25,2,9,4,2,4,4,4,8,0,3,5,4,12,4,9,5,6,15,4,2,47,8,4,13,5,8,3,1,6,6,1,8,1,1,15,5,13,25,44,10,13,27,7,4,39,11,44,33
753565,7,14,6,4,4,3,4,6,2,4,22,1,3,2,13,9,8,9,3,2,53,2,5,8,0,7,2,2,6,7,6,18,6,3,21,9,4,3,25,9,9,23,9,3,41,9,7,23,7,9,1,1,8,3,4,5,4,0,10,0,7,3,15,10,3,23,5,0,49,4,4,12,2,11,10,1,7,0,3,4,0,2,15,8,6,8,21,8,10,24,1,1,22,9,21,20
753569,12,19,6,0,10,6,5,25,8,2,31,2,5,9,23,25,6,22,4,2,68,6,6,18,8,13,2,7,16,8,6,27,6,3,35,5,10,5,22,17,11,27,10,6,72,9,7,33,8,10,2,4,6,2,1,8,7,2,8,6,17,11,22,17,7,19,8,3,52,8,3,22,2,8,3,2,11,4,2,7,2,1,26,0,11,7,19,14,9,19,7,4,40,15,19,22
688010,16,46,9,13,42,7,16,38,15,6,80,11,33,20,100,28,11,69,11,6,207,12,25,61,17,41,6,16,55,11,26,80,22,8,122,17,21,26,77,28,35,69,15,13,228,20,24,97,17,30,8,4,24,7,12,28,5,6,30,13,30,17,50,23,19,51,17,7,149,14,16,52,7,35,15,4,22,8,5,25,3,5,75,7,12,22,60,20,24,68,5,9,103,18,34,70
753582,2,12,0,3,9,6,2,15,1,1,19,4,20,7,33,18,2,14,4,4,44,11,8,22,3,11,3,4,4,6,3,23,7,7,28,6,22,8,21,11,7,20,7,7,44,14,8,18,3,4,2,0,1,1,5,6,2,1,8,2,4,7,12,10,3,14,2,3,26,8,5,10,1,10,6,2,9,1,0,8,2,2,32,6,9,4,17,16,5,24,2,4,24,16,16,17
713878,6,22,7,3,16,2,7,15,8,2,32,3,14,7,33,13,10,25,6,3,52,8,8,25,6,14,3,7,15,4,5,13,7,4,29,5,8,8,38,10,9,26,4,6,66,16,5,27,5,15,3,1,6,5,1,10,3,2,11,3,14,1,19,11,3,16,4,2,47,7,4,20,0,14,7,2,4,4,2,7,3,0,22,0,10,10,21,12,4,27,3,6,46,11,14,23
909779,6,11,3,6,20,6,23,16,7,11,22,6,8,5,25,10,8,14,4,5,49,5,11,12,4,10,2,4,10,1,3,25,3,5,22,7,9,3,17,9,9,16,9,3,66,13,10,23,3,10,1,4,6,2,4,8,6,2,12,5,10,3,17,13,4,21,6,3,51,5,4,18,3,6,5,0,7,1,1,2,3,1,32,3,6,7,15,11,14,27,5,2,33,13,14,22
907786,8,22,2,6,12,2,10,7,1,4,16,6,10,6,21,12,4,26,2,2,63,4,7,13,6,10,1,5,13,3,7,26,2,3,29,7,4,6,19,10,7,22,7,9,85,8,6,24,3,10,3,3,6,3,1,10,5,2,12,2,8,1,22,8,4,17,7,1,41,6,5,24,1,9,3,2,8,3,3,5,4,1,21,4,6,27,44,5,9,27,3,6,50,11,26,28
688013,5,16,4,0,12,3,3,14,2,0,29,4,11,5,14,11,3,16,6,1,58,6,6,13,5,9,1,7,6,1,7,12,7,3,31,4,10,6,22,8,9,19,6,1,48,9,5,22,3,7,1,1,4,2,4,7,2,2,10,1,4,4,17,8,4,14,3,0,44,4,1,18,0,8,1,1,5,2,2,4,3,2,25,4,8,4,20,5,4,28,4,6,27,11,9,25
753586,1,8,2,1,9,1,5,9,3,1,20,3,10,8,15,5,2,13,6,0,41,5,7,15,2,5,1,0,11,4,2,10,8,0,19,6,13,8,17,15,11,16,5,1,45,8,2,18,1,6,1,0,8,1,6,12,5,1,8,2,5,5,11,9,5,23,5,1,29,6,3,10,2,15,3,0,4,4,2,5,2,3,15,3,6,9,21,9,5,28,4,3,28,15,12,26
688011,3,12,3,1,8,0,4,12,4,4,19,3,7,5,19,8,0,20,0,0,49,4,5,11,2,5,1,2,5,6,1,11,8,3,18,2,8,5,19,13,9,23,7,2,41,4,4,16,2,4,0,2,6,2,1,9,1,1,8,4,4,3,11,9,6,10,6,1,55,9,4,18,2,4,1,2,9,1,0,6,1,1,16,3,4,8,19,5,7,18,1,3,26,5,8,16
753588,7,16,2,3,6,1,1,5,3,1,19,1,7,6,18,6,1,8,2,1,37,4,2,12,4,8,0,6,6,3,3,9,7,3,12,5,3,4,21,15,5,10,5,5,41,5,5,16,4,6,1,1,2,3,0,4,3,2,4,6,5,3,6,3,4,11,9,3,17,4,6,6,2,8,3,1,8,4,4,1,3,2,16,1,6,6,14,3,7,14,1,2,29,6,5,12
753589,5,16,6,0,14,3,7,11,5,1,34,8,16,6,25,8,3,11,5,3,85,1,2,26,3,13,1,7,15,2,12,28,8,8,32,6,8,6,22,10,9,22,9,6,85,12,10,27,8,12,4,4,7,3,3,7,3,6,13,5,9,4,18,9,5,15,6,6,61,5,10,21,1,16,3,2,11,3,4,8,5,2,24,5,6,5,21,13,8,23,8,4,45,9,12,22
907796,6,21,1,2,13,2,1,10,4,3,25,6,12,7,23,11,2,12,5,1,60,7,3,26,3,13,3,6,12,2,5,14,4,6,37,5,11,5,29,10,12,24,3,6,79,7,5,22,8,12,1,5,8,2,6,8,3,2,6,6,5,4,22,11,6,18,3,5,54,3,7,18,1,9,2,5,12,3,0,3,2,3,33,4,7,6,25,7,7,23,3,2,32,5,14,19
910779,10,16,3,1,6,4,8,15,2,0,30,5,16,9,23,13,7,20,4,3,60,12,8,28,8,7,7,6,15,3,5,13,6,3,34,5,24,9,25,25,11,32,13,5,67,19,9,20,5,13,4,2,9,4,0,10,6,2,11,10,12,10,25,15,3,21,9,0,43,14,4,26,3,11,4,1,6,1,2,8,2,1,38,8,18,4,17,13,7,21,3,1,44,14,11,25
753597,17,65,11,11,51,6,23,41,4,7,77,11,32,24,91,24,16,64,12,11,188,20,22,70,18,40,7,17,66,9,21,84,16,17,88,20,22,24,84,33,33,74,15,15,217,21,25,90,19,42,12,6,35,12,12,33,10,9,47,25,19,17,52,30,25,44,24,11,158,19,18,71,11,46,12,9,40,5,6,26,4,5,72,10,11,21,60,27,27,68,11,7,122,25,46,65
753592,11,8,1,1,11,1,13,14,2,4,19,3,10,4,22,16,2,15,5,3,56,6,9,11,4,7,2,0,13,7,8,22,6,4,20,8,13,6,23,15,3,15,9,5,45,14,9,14,4,8,3,4,9,2,1,8,5,1,5,4,12,5,21,10,7,10,8,4,43,7,4,18,3,9,3,1,10,3,0,9,2,1,18,2,7,24,46,12,8,24,2,2,34,15,23,19
753556,5,7,2,5,7,2,2,6,0,3,11,3,8,10,18,2,3,14,4,1,36,3,6,8,5,5,2,1,12,7,1,9,0,1,16,4,5,7,11,11,3,8,7,3,37,6,3,12,3,8,4,1,3,4,1,2,4,2,5,1,4,5,12,9,3,7,2,3,19,4,0,10,1,7,3,1,5,2,1,4,4,1,15,1,4,11,27,6,3,18,2,1,19,10,13,25
910899,5,9,5,3,5,3,3,14,2,1,17,3,16,4,25,8,3,20,5,2,51,9,3,12,3,6,3,10,11,5,4,16,5,1,20,0,11,6,22,12,10,24,4,4,44,10,9,24,3,5,3,0,7,2,3,10,4,1,4,4,4,4,16,8,6,17,5,3,39,3,6,11,3,5,3,2,8,2,0,7,0,2,15,2,10,7,12,10,6,24,2,3,33,8,11,23
687799,18,52,15,11,43,7,11,50,6,7,82,17,34,25,80,25,9,48,15,9,189,16,18,51,17,26,7,16,38,10,19,83,13,16,100,14,24,23,82,30,34,75,15,11,200,21,27,72,11,28,7,4,23,10,7,26,12,3,35,15,26,11,45,31,21,62,14,7,149,12,20,58,9,33,14,7,24,9,7,26,7,6,79,18,19,21,58,20,23,59,8,7,94,23,39,67
687802,8,12,5,1,12,3,2,18,4,3,15,2,14,1,18,8,3,11,2,2,45,10,3,14,6,5,4,6,8,11,7,15,9,4,30,5,13,10,19,11,8,30,6,3,50,6,6,28,3,3,1,1,7,3,4,8,2,2,7,5,6,3,12,11,4,19,5,1,37,7,3,12,4,10,4,2,11,3,3,3,2,0,24,3,9,2,18,8,8,18,4,9,26,10,10,19
1240191,3,5,5,2,7,2,2,11,0,0,17,0,8,5,26,6,1,18,1,1,29,3,6,10,3,6,2,3,8,2,4,10,1,3,17,4,7,4,13,6,3,16,4,2,38,1,1,20,2,5,3,0,2,1,2,7,1,1,4,2,7,5,6,5,1,15,3,0,19,8,4,12,2,3,3,1,5,3,1,3,0,0,11,3,7,5,8,6,4,25,1,5,23,2,9,10
1298349,4,12,3,1,8,2,5,13,3,1,26,4,16,6,16,10,5,15,7,2,53,10,7,19,5,7,2,5,8,5,6,6,5,6,25,6,18,10,23,24,9,23,8,5,49,22,7,17,6,10,5,0,3,5,1,6,4,1,6,8,9,4,15,13,5,12,9,3,34,14,5,12,0,10,3,2,11,1,0,7,4,1,23,4,14,13,23,15,14,19,3,3,22,10,20,19
1247873,3,7,4,9,8,1,5,6,0,4,13,2,5,8,25,9,3,23,3,3,45,4,4,17,4,5,1,11,8,0,4,13,2,6,22,3,4,5,20,7,11,19,4,2,42,3,4,17,2,7,1,5,5,3,2,8,1,2,8,3,5,6,10,6,5,15,6,1,40,1,6,17,0,9,4,1,5,1,0,10,0,1,26,7,6,6,16,4,6,19,1,4,36,6,9,20
1240146,7,12,2,0,11,3,4,9,6,3,24,4,10,5,19,7,5,21,2,1,68,3,5,14,5,8,1,6,6,3,9,17,8,6,26,2,4,3,14,6,11,24,3,2,67,4,14,23,3,11,4,1,4,1,4,6,3,2,9,3,6,3,12,11,6,14,2,5,28,5,4,18,4,11,3,1,6,0,2,6,1,1,19,3,4,3,22,4,6,22,3,1,52,10,16,22
1240142,4,24,7,5,9,5,5,10,3,3,22,5,16,6,22,17,3,12,10,1,53,5,7,18,5,7,3,7,16,4,4,15,13,0,29,6,14,10,16,17,14,25,9,8,53,17,7,25,3,8,2,4,10,2,5,3,5,0,6,1,14,3,16,9,4,14,11,2,36,3,5,25,4,12,3,2,14,4,1,11,7,2,28,6,10,5,18,15,12,20,3,2,30,11,14,15
905967,4,6,0,3,12,2,4,8,3,1,14,4,10,3,22,10,4,27,2,1,34,3,9,12,4,7,4,4,8,1,4,15,7,1,16,1,21,5,22,15,7,19,7,3,37,17,9,29,5,6,0,5,7,3,4,9,3,3,6,2,12,2,13,8,5,14,6,7,26,6,1,15,3,7,0,3,7,6,3,7,1,2,17,2,13,9,25,14,11,27,4,3,19,15,18,19
688023,10,9,7,1,10,13,2,14,7,3,18,3,16,11,27,22,5,26,8,6,54,13,5,19,8,4,5,9,8,8,11,20,20,2,30,5,34,11,19,21,4,28,12,7,57,19,12,22,5,5,4,1,6,2,7,4,4,3,5,7,12,6,18,15,8,22,8,3,30,10,6,11,1,15,7,4,12,7,2,17,6,2,19,4,17,11,21,20,9,26,8,8,31,19,10,20
908468,5,18,4,5,13,1,1,9,6,2,17,4,11,4,27,21,7,22,9,2,62,10,4,19,0,12,2,4,11,3,9,15,10,5,23,10,19,5,29,18,14,25,14,4,57,18,6,23,1,12,3,0,3,1,4,10,7,0,7,3,15,5,21,15,10,23,8,3,39,7,6,17,1,8,2,3,11,6,0,11,8,3,15,8,10,6,17,14,3,24,7,0,28,9,7,19
688026,38,67,23,10,74,9,19,58,14,7,106,14,34,25,123,51,27,71,23,15,251,13,19,85,16,56,10,21,57,13,33,108,15,16,146,21,37,24,95,51,40,94,14,14,267,37,38,128,20,41,13,7,24,12,11,49,9,9,44,22,36,21,72,33,20,83,17,12,173,22,24,87,20,52,20,11,42,6,8,52,16,10,102,22,24,26,91,36,34,70,6,16,140,28,47,71
713885,12,12,5,3,6,5,7,11,1,0,17,2,14,2,20,9,3,20,6,5,64,8,6,19,7,4,4,4,9,4,8,19,5,8,18,5,13,8,17,13,8,22,5,0,50,6,7,17,3,8,2,2,3,3,6,12,7,0,10,3,14,4,19,9,7,17,6,2,49,4,3,18,3,12,3,1,7,3,1,6,5,3,26,2,7,4,16,12,8,17,5,3,29,7,14,24
1298352,0,7,2,4,9,7,3,9,3,2,19,4,10,4,21,18,4,15,5,3,35,13,7,13,6,12,3,10,5,1,7,17,5,3,26,5,11,5,13,26,10,23,11,4,51,11,15,19,6,9,2,1,2,2,2,11,5,1,3,4,14,7,11,7,5,16,7,1,33,10,5,28,2,6,4,1,7,5,1,5,1,3,12,3,9,8,22,14,11,27,3,1,30,17,10,29
753608,6,15,1,1,10,3,2,7,5,1,24,4,11,6,19,10,5,18,5,2,69,4,5,18,2,7,1,7,14,2,1,22,4,11,19,5,3,7,24,11,6,18,1,3,81,3,11,20,7,14,0,2,6,2,3,10,2,2,8,2,10,2,15,5,5,23,3,0,48,1,6,26,3,18,7,3,5,5,0,5,4,4,25,6,5,4,19,10,12,22,5,2,27,8,9,15
688015,8,11,4,3,16,5,3,10,3,2,23,5,15,6,24,11,3,18,11,5,42,6,9,19,4,5,4,1,11,7,3,12,7,6,27,3,11,7,24,11,3,33,6,3,45,6,8,28,1,7,2,1,0,2,4,9,7,2,6,4,12,6,12,5,2,20,7,0,32,4,6,19,2,7,1,1,8,4,2,9,1,1,20,5,8,7,12,10,5,22,4,1,25,10,14,13
687812,3,7,1,0,4,0,3,13,10,0,13,2,13,6,10,9,10,13,4,5,45,6,1,14,2,5,1,11,8,3,5,11,3,2,24,4,17,3,14,10,9,26,5,4,53,13,5,15,2,9,2,2,5,2,1,5,7,0,11,2,10,1,15,10,7,17,8,2,36,7,4,11,0,6,1,1,13,0,0,5,4,4,11,8,5,8,11,5,7,21,5,3,27,10,8,12
1240138,3,12,2,1,10,2,4,11,0,0,21,1,10,6,21,9,3,22,3,5,50,3,9,10,5,9,1,3,6,3,7,9,4,1,21,2,6,5,18,3,7,29,4,0,45,7,14,23,3,8,2,1,4,0,2,5,2,1,7,3,2,4,14,5,4,23,2,1,34,0,9,12,2,5,2,0,4,1,1,7,1,1,7,3,2,5,13,7,0,27,2,1,25,8,12,14
1240186,5,8,2,2,10,1,8,8,2,2,17,1,16,6,24,6,5,21,4,1,48,10,4,15,5,5,2,7,6,4,5,19,11,3,29,6,11,4,19,15,6,31,7,3,66,12,6,36,8,17,6,5,5,1,7,5,7,0,9,1,11,1,18,7,10,22,6,1,33,11,3,21,5,6,6,2,8,2,1,10,3,3,18,4,11,11,16,12,9,20,6,1,31,9,12,15
1290809,5,13,4,1,12,3,6,13,2,1,24,3,7,8,30,5,4,21,2,1,53,4,4,15,3,6,1,4,10,4,5,18,3,4,26,2,8,5,27,11,8,25,3,4,76,3,6,25,0,9,4,1,3,2,3,6,3,5,9,4,6,7,14,9,5,16,4,0,48,3,5,15,5,9,4,0,3,1,2,9,0,2,21,0,9,4,21,4,5,37,2,3,28,10,13,20
1240184,6,18,5,3,14,3,5,12,4,2,21,9,32,9,33,11,6,15,11,3,57,11,5,24,7,8,5,11,20,9,6,15,9,7,34,11,20,7,20,20,10,30,14,4,72,18,7,22,4,12,4,2,10,4,4,14,3,2,6,3,13,7,25,21,8,17,4,1,51,12,6,19,1,13,8,1,9,5,2,16,4,2,21,4,13,10,19,21,4,29,4,8,35,9,12,16
908480,5,16,3,3,9,3,2,8,2,3,28,1,13,6,22,11,7,22,1,2,63,9,11,13,5,12,4,3,16,6,7,31,7,3,20,4,13,8,21,13,10,31,8,8,64,15,7,19,4,9,3,5,9,2,8,4,5,1,5,2,7,9,19,13,4,9,7,4,52,11,3,20,5,16,7,0,7,2,2,15,0,3,33,4,4,11,15,12,6,30,2,4,37,14,16,16
722058,6,9,8,1,8,6,3,15,4,2,26,2,14,5,16,15,1,15,11,3,47,6,8,10,4,11,3,6,13,5,3,15,8,5,14,3,21,5,18,23,8,21,11,5,38,12,11,23,2,11,1,2,4,2,2,7,3,0,5,3,12,6,9,16,3,7,7,1,28,7,3,13,1,4,4,1,6,1,2,10,5,2,10,0,8,5,17,11,2,20,3,2,24,16,8,17
1240189,5,10,3,3,8,5,8,12,2,3,13,2,11,7,17,10,3,20,2,1,45,7,5,9,4,6,1,4,16,5,8,14,8,2,19,4,9,4,15,10,5,27,3,3,49,4,10,21,2,7,6,3,4,2,8,9,3,2,4,4,8,7,6,10,3,9,2,1,29,2,5,8,1,12,5,3,9,5,4,8,2,2,20,8,4,15,15,6,9,26,2,3,21,7,12,22
753540,6,9,6,7,12,3,0,24,3,1,23,4,16,10,18,19,4,20,8,1,51,14,7,17,1,11,3,3,4,6,1,18,13,4,13,4,33,14,20,20,7,25,15,1,53,21,5,31,4,10,5,0,8,6,4,8,6,3,8,8,14,7,17,16,5,18,9,1,34,14,9,16,3,9,7,1,9,5,3,10,4,5,20,7,32,13,19,14,9,27,4,5,29,21,8,23
1240187,11,22,5,2,9,5,8,13,5,3,19,6,36,11,31,18,5,15,15,1,41,12,8,12,10,7,5,12,12,5,3,19,10,8,30,9,29,11,22,36,11,28,21,6,85,21,8,36,2,6,3,3,7,1,2,10,6,1,13,4,29,10,25,13,9,21,13,4,43,16,6,19,4,8,9,1,11,2,3,4,5,0,29,6,17,7,16,25,10,32,14,3,35,15,10,23
909194,17,42,9,13,37,14,16,39,10,4,80,13,28,24,85,27,13,54,17,7,173,17,15,47,12,39,11,14,64,17,18,81,19,14,98,9,22,17,60,35,28,67,19,15,196,26,16,83,12,26,3,5,30,7,19,27,7,4,33,19,25,15,54,25,19,63,9,4,142,17,22,65,16,33,15,4,25,5,7,24,7,9,68,12,17,23,48,19,23,55,8,9,88,18,30,47
1240131,7,7,1,2,8,2,6,10,2,3,22,3,7,8,22,9,0,22,0,3,51,4,4,10,5,5,3,6,10,6,4,12,1,6,22,4,5,7,13,8,12,25,7,4,55,6,2,21,3,2,0,2,0,0,2,3,1,4,8,2,3,2,13,6,1,15,3,3,42,3,3,15,1,15,3,5,7,0,0,10,4,1,24,1,4,1,11,2,5,23,2,2,34,9,7,17
930081,13,16,3,7,24,0,4,24,4,4,29,2,11,6,31,11,6,20,9,2,69,10,8,26,4,16,3,7,21,9,7,27,8,4,46,11,17,15,26,15,16,19,8,6,84,14,13,40,4,18,3,2,12,5,5,9,6,3,8,7,19,6,11,13,6,19,10,3,56,13,8,19,6,8,5,0,11,7,4,13,4,3,36,2,9,9,20,23,11,25,5,2,43,20,21,26
1240190,9,5,2,0,6,2,1,8,2,2,9,1,5,4,13,6,3,14,2,0,38,5,1,14,4,12,2,5,10,3,5,12,2,2,17,1,3,4,16,8,6,16,3,2,30,2,8,12,4,5,1,2,6,1,0,4,2,0,8,4,5,5,12,3,5,11,1,1,29,2,1,9,0,6,5,1,5,0,1,5,1,0,7,2,5,2,12,3,4,15,5,3,23,7,2,3
1240139,5,11,3,3,8,0,3,9,1,1,10,0,4,7,19,6,4,26,0,0,50,4,4,15,3,9,2,6,7,4,5,16,2,1,21,3,7,7,15,4,8,27,3,3,50,5,8,19,0,11,2,3,6,2,5,9,3,1,5,5,3,2,13,7,1,14,5,3,29,3,2,10,3,6,0,1,6,4,1,8,0,1,21,5,3,4,8,6,2,29,3,3,26,6,11,17
724874,3,12,4,1,9,6,6,8,2,3,18,3,11,10,27,7,5,18,11,4,49,6,3,13,7,4,1,2,12,3,6,10,4,4,24,8,21,6,24,28,11,23,15,5,46,14,9,27,2,4,2,0,3,4,1,4,4,1,11,3,8,7,14,13,5,5,9,2,40,9,2,21,1,9,4,3,9,4,2,9,1,2,22,7,9,9,11,16,8,26,5,4,26,14,14,20
713899,4,11,2,2,17,5,4,14,2,3,17,3,19,8,24,13,2,13,7,3,59,10,10,16,5,13,5,6,10,7,7,14,4,6,24,8,13,10,27,16,12,27,4,3,58,14,7,19,5,10,2,4,4,1,4,9,3,1,6,6,9,5,16,6,6,20,7,4,40,1,11,16,3,11,4,0,11,5,0,9,3,2,24,7,10,5,21,14,4,12,4,2,35,16,14,20
908481,8,14,1,0,6,0,2,13,4,3,22,0,10,5,26,11,2,22,2,4,48,6,7,13,5,6,0,8,11,9,3,13,7,4,28,2,14,11,21,5,7,21,5,2,60,9,5,27,6,8,3,0,6,2,2,14,4,2,7,2,9,5,14,15,5,22,4,1,39,8,1,14,4,8,4,2,7,2,2,8,3,2,21,4,8,10,19,13,5,29,5,1,34,6,8,27
1298348,1,14,5,1,10,2,4,10,5,2,15,2,16,9,12,13,5,16,9,3,38,8,8,13,6,6,3,4,7,12,2,25,13,2,23,9,31,2,17,25,6,24,18,3,55,17,12,21,3,9,1,2,9,6,2,10,2,3,4,5,18,7,18,19,8,13,11,5,37,13,7,17,4,10,8,2,11,3,1,10,3,3,16,4,15,10,23,16,13,36,8,5,24,11,15,17
713880,5,16,1,0,16,4,7,10,6,2,29,4,11,13,24,12,5,16,4,6,71,4,9,30,1,8,4,4,11,3,4,20,3,5,25,4,11,7,21,13,12,20,5,5,65,5,11,25,6,8,4,2,8,2,5,7,3,1,8,6,16,1,16,16,11,17,5,2,49,6,0,15,2,8,6,4,10,4,1,7,1,3,21,1,9,7,22,7,4,17,5,3,40,8,16,16
946361,9,4,4,0,9,2,5,2,1,3,13,4,18,3,12,7,3,16,1,2,54,6,6,9,2,4,2,4,10,3,3,14,8,4,18,1,14,1,9,12,12,15,3,2,46,12,5,24,5,3,0,1,6,1,1,5,4,1,9,1,15,4,8,12,3,14,3,0,29,5,1,16,5,7,8,2,5,0,0,5,1,4,16,0,5,6,11,10,5,23,6,2,27,9,10,21
910931,6,8,4,3,8,0,5,12,2,3,23,1,7,5,19,9,4,15,2,0,62,5,8,15,4,9,4,7,10,3,7,18,3,3,29,5,13,8,12,8,8,19,3,1,48,3,8,17,8,9,0,0,7,2,2,19,4,2,9,2,10,4,18,5,3,16,5,0,45,8,3,23,2,10,3,1,8,1,3,4,2,1,24,1,6,4,8,6,4,20,2,5,33,6,8,13
753605,12,11,6,4,13,7,5,10,11,2,28,8,36,14,37,31,8,22,15,5,73,16,8,26,8,13,10,6,17,15,11,26,20,3,22,3,39,12,27,49,9,18,29,7,62,39,15,35,2,11,3,3,9,0,5,11,8,2,10,5,25,10,21,21,13,31,21,7,34,13,8,18,4,14,8,3,12,12,1,15,9,2,34,4,32,19,38,39,18,30,18,7,56,41,26,30
687787,5,16,1,2,16,3,4,10,5,4,16,3,8,3,23,17,6,19,4,1,60,5,4,19,11,10,0,3,19,6,2,17,7,6,20,3,8,5,27,6,7,21,8,1,56,6,7,19,4,8,7,1,9,2,4,6,2,1,8,6,6,1,30,6,4,13,8,3,39,6,6,21,2,15,5,2,11,2,1,10,1,4,23,1,10,9,20,3,11,29,4,3,30,5,14,30
753564,7,14,4,4,12,2,6,14,5,2,30,3,13,5,29,17,6,21,6,5,71,5,10,24,9,15,1,4,15,4,11,23,8,5,29,7,10,6,36,12,12,41,4,3,69,13,7,22,2,11,0,3,6,2,6,12,5,0,11,6,13,5,15,12,2,20,6,0,46,7,5,20,3,13,2,2,11,3,3,11,2,1,24,1,11,13,24,8,4,35,2,2,39,8,14,21
1240134,5,12,4,4,4,3,2,13,0,2,14,4,6,3,28,8,4,27,2,2,53,3,5,14,3,10,2,8,11,3,8,24,2,1,14,4,4,6,15,6,6,22,4,1,46,3,7,13,5,7,2,4,2,1,6,11,3,0,6,3,3,1,12,4,6,9,8,1,38,4,3,11,1,5,3,2,8,1,2,8,2,1,15,2,3,5,12,5,4,22,1,4,31,7,9,15
905934,7,8,7,3,11,5,7,6,5,4,21,6,15,2,21,8,5,14,0,3,62,4,2,20,3,6,3,10,15,7,6,21,6,4,25,4,7,8,20,7,3,21,1,5,67,2,5,22,5,7,0,1,3,1,5,7,2,0,13,4,11,2,14,6,5,12,2,2,36,7,4,19,4,13,3,2,8,1,0,6,3,0,24,2,8,4,13,7,3,18,3,2,37,5,7,11
1298538,8,13,2,2,18,3,9,5,2,5,24,4,9,6,32,14,4,14,4,4,62,3,8,27,2,10,4,9,11,8,5,26,5,4,35,3,4,9,17,9,10,22,5,5,66,4,9,24,6,9,3,2,11,2,2,12,4,7,11,4,10,5,18,4,4,19,3,1,45,4,6,15,6,15,8,3,11,3,4,5,3,0,25,4,10,7,29,7,11,24,7,2,47,12,12,14
753534,4,5,3,4,13,1,6,9,4,1,14,3,4,3,20,6,2,21,7,2,40,3,5,13,4,9,1,6,12,5,5,17,10,3,24,3,9,5,21,10,6,28,6,6,43,6,5,26,3,6,4,1,6,3,4,4,3,0,2,1,11,6,13,12,1,17,5,0,26,7,1,8,1,11,3,6,9,5,2,3,2,3,7,10,8,6,25,9,9,35,4,4,26,14,15,21
910900,3,10,5,2,11,6,5,10,7,1,23,9,13,10,21,19,1,12,4,3,38,6,4,15,5,10,5,3,10,4,7,10,12,5,20,5,30,6,19,31,4,20,11,8,38,17,14,28,2,5,6,1,2,1,2,3,10,0,13,3,15,3,5,11,4,9,11,5,22,9,8,11,6,8,6,0,8,8,2,10,2,0,16,9,15,25,30,20,7,25,10,11,26,20,35,27
687780,4,5,3,3,4,4,3,5,2,0,20,4,5,5,18,8,5,21,1,2,54,3,5,17,4,4,1,5,7,6,8,16,4,4,26,1,4,3,12,5,4,20,5,5,48,5,4,18,6,4,0,2,5,2,4,5,1,0,11,1,7,4,12,3,3,11,5,3,37,3,2,13,1,6,3,1,3,0,1,6,0,1,15,1,3,10,16,8,5,19,1,1,29,12,14,18
687819,7,4,9,0,9,2,11,12,18,3,15,13,32,7,29,36,8,18,21,3,54,18,8,10,6,4,6,7,14,20,12,31,25,3,34,9,67,16,36,66,19,30,29,13,65,47,16,25,1,8,15,2,8,7,5,14,6,2,11,5,26,5,23,42,8,23,28,11,36,13,4,19,2,10,11,2,11,11,2,14,7,1,29,11,39,26,46,39,18,38,10,7,34,29,26,43
905973,3,11,4,1,5,4,2,8,0,0,13,0,12,5,12,16,2,21,7,1,54,11,3,14,2,3,3,0,10,4,4,5,6,7,13,9,14,6,15,19,9,18,9,4,49,8,10,12,3,4,0,3,2,7,2,4,7,2,8,4,6,6,19,8,7,12,9,3,25,5,1,9,2,5,2,1,9,2,1,4,1,2,22,3,8,3,5,12,6,27,4,2,21,8,8,14
908462,2,8,3,1,10,0,2,11,2,6,17,2,6,5,24,3,6,15,4,4,49,2,5,18,3,11,2,3,9,3,4,21,2,1,26,4,3,1,22,3,9,15,2,1,59,7,10,20,2,9,1,2,4,2,4,5,2,3,8,4,5,3,14,2,5,16,2,4,38,1,3,14,4,11,1,2,4,2,3,4,0,3,20,2,5,5,10,5,4,18,4,0,34,6,5,12
908152,9,17,2,4,14,1,1,14,0,0,25,2,6,3,26,3,3,27,2,4,70,6,4,18,4,10,3,10,5,4,6,18,3,6,25,3,4,3,24,2,5,29,3,4,71,2,6,32,7,8,1,1,4,2,4,7,1,2,10,3,3,4,17,7,5,21,5,3,45,1,7,16,2,9,4,1,8,0,0,8,3,0,22,1,9,3,9,8,4,23,3,2,39,4,12,18
753554,5,3,1,2,5,2,2,8,2,3,12,3,6,4,14,6,1,14,3,2,39,5,8,15,2,8,2,6,8,4,4,16,3,3,14,5,7,6,16,8,6,16,4,2,52,6,4,15,2,8,1,2,8,3,1,3,1,0,10,3,5,1,15,7,7,14,3,3,34,3,3,9,1,7,2,2,8,2,0,4,0,1,12,2,8,6,9,3,8,13,8,3,28,10,5,12
1298356,3,9,2,3,6,1,1,6,1,3,15,2,12,6,18,8,2,17,2,1,37,4,1,8,4,5,1,11,5,7,3,11,2,1,14,2,10,4,12,10,5,14,8,4,34,7,8,10,3,4,2,0,4,0,4,8,3,1,7,6,11,4,7,7,6,9,3,2,18,3,1,8,0,5,7,1,6,4,0,7,0,1,10,1,4,2,4,4,6,11,2,2,27,7,7,12
1298350,11,16,4,1,6,0,2,11,0,0,19,1,5,4,9,7,2,21,2,1,40,4,5,9,4,6,2,4,4,0,2,12,3,4,24,5,9,10,9,8,4,23,1,4,44,2,7,23,2,5,3,2,5,2,3,9,1,0,7,6,2,6,18,3,3,15,1,2,25,4,5,14,2,6,1,2,0,2,2,6,2,6,28,2,7,8,22,8,10,16,4,2,28,10,9,25
1240141,32,61,19,15,68,12,27,60,25,10,111,14,68,34,122,58,26,93,20,7,270,42,31,96,25,57,14,19,86,21,29,112,49,17,129,36,82,30,104,83,50,112,35,28,308,73,34,114,26,32,11,9,39,8,23,37,29,11,52,14,48,32,87,44,24,77,28,16,219,28,30,104,17,48,20,10,33,7,6,38,13,7,131,17,61,98,193,82,54,105,21,31,180,64,132,137
1240136,9,9,3,2,13,4,7,11,2,1,19,2,8,6,22,7,4,19,2,1,49,4,3,15,2,10,1,6,17,5,4,24,3,4,23,7,3,6,25,10,10,17,4,3,47,6,13,28,4,10,3,3,5,2,2,2,2,4,9,1,5,6,16,9,4,16,3,1,34,7,4,17,3,10,2,2,6,1,0,13,1,0,19,2,3,5,22,5,10,26,2,3,27,8,15,26
908126,3,7,0,3,4,2,5,6,1,2,14,0,3,5,18,7,2,15,1,1,38,2,3,7,1,4,1,12,6,1,4,15,0,4,15,3,3,1,15,4,7,7,1,1,38,5,2,11,0,3,5,2,5,1,3,6,2,1,6,3,1,5,4,4,6,12,1,1,27,5,2,11,1,4,4,2,2,1,0,6,0,0,13,0,2,1,11,2,5,18,1,2,22,9,8,11
753615,3,6,7,3,10,1,5,9,3,1,16,8,9,2,10,9,6,14,3,1,47,3,6,10,3,6,3,19,6,2,4,15,3,3,14,4,13,7,17,10,9,22,5,3,46,4,9,18,5,8,4,3,5,2,3,8,2,0,9,4,9,2,11,7,3,11,2,0,27,2,2,19,1,11,3,8,2,2,1,7,0,2,20,2,8,9,17,9,9,20,1,1,29,5,9,20
907278,50,81,19,12,68,8,34,73,7,16,117,19,41,30,126,50,23,84,12,23,307,22,30,94,23,53,11,36,92,13,34,126,18,25,189,22,28,25,116,30,41,133,28,17,360,23,39,133,23,49,8,7,48,13,14,52,10,12,61,20,40,32,75,26,27,102,27,10,207,19,30,90,18,47,28,12,52,3,7,46,11,6,124,11,22,24,113,30,36,99,10,13,189,41,48,109
910947,5,14,1,3,10,7,3,16,2,3,14,2,8,6,23,12,2,25,1,3,68,0,4,15,1,16,2,16,8,6,1,17,5,8,24,2,4,4,20,7,13,24,4,4,63,5,9,27,10,13,2,5,9,3,1,9,3,1,12,0,3,5,15,4,3,13,5,3,47,8,5,15,4,7,4,3,6,3,3,6,1,0,20,6,13,3,23,5,3,23,1,1,27,7,5,22
946358,15,14,3,11,16,2,32,19,8,8,28,3,9,7,18,9,2,15,5,1,71,7,3,17,6,11,0,17,12,4,7,20,5,4,33,5,8,4,27,6,6,24,4,3,72,13,6,31,4,9,2,6,4,3,8,17,4,1,7,7,10,5,15,6,6,30,3,1,58,6,2,20,3,8,3,3,13,3,2,11,0,3,31,3,11,5,25,7,9,22,2,3,30,3,8,28
907280,6,17,6,3,12,5,5,17,4,5,19,3,14,10,27,13,4,21,2,2,55,8,4,19,5,6,3,15,16,7,4,16,6,9,26,5,9,8,24,14,13,19,5,1,66,12,11,33,4,7,5,4,4,2,4,15,4,2,6,4,11,4,14,9,7,22,4,5,46,9,3,11,1,16,1,0,12,5,1,4,2,1,28,7,7,3,22,9,14,18,4,1,41,20,11,13
907311,2,10,0,3,14,5,5,8,3,3,18,2,10,4,20,5,4,11,1,0,43,0,4,14,3,7,2,13,12,4,2,13,2,4,21,4,9,4,16,6,1,16,5,1,48,10,5,21,2,14,0,1,6,2,1,10,2,3,4,7,6,7,10,5,4,16,4,2,34,1,3,11,1,9,1,4,10,2,2,6,1,2,21,4,3,3,10,4,5,16,2,1,34,5,4,14
907300,9,10,1,5,10,4,5,9,6,1,22,2,10,2,17,13,5,17,2,0,72,3,1,18,3,8,1,16,15,2,5,12,6,3,33,3,1,7,17,10,12,23,7,5,58,1,12,29,7,3,3,2,6,4,3,6,0,2,7,1,7,6,16,6,7,17,3,5,52,4,8,24,4,5,2,6,9,2,1,7,1,1,17,2,6,5,19,3,4,19,3,2,36,6,8,14
924239,2,11,3,4,12,3,2,11,2,2,19,2,9,4,19,13,4,16,2,0,55,3,6,12,6,9,2,19,14,4,4,12,4,7,32,1,10,6,22,12,6,27,7,6,53,5,9,28,1,5,3,4,5,2,1,10,4,1,7,2,4,5,12,5,5,16,5,3,36,3,3,15,1,10,2,7,12,0,2,9,1,1,20,2,6,5,26,5,5,23,7,4,37,14,14,16
907323,4,13,7,3,8,9,7,19,14,3,13,4,15,5,24,9,2,21,4,6,51,3,3,17,10,8,3,16,7,14,13,18,33,6,28,5,15,10,25,11,7,27,1,3,64,14,9,20,4,6,2,0,3,0,2,8,9,1,13,3,11,6,16,6,2,26,1,1,38,15,3,21,5,12,6,7,9,12,2,6,13,4,20,8,8,7,23,5,2,23,4,4,27,11,15,25
907783,6,7,3,2,16,2,6,16,2,6,16,0,9,9,38,10,4,20,2,3,49,4,5,18,4,14,2,10,8,1,9,19,4,7,30,8,8,4,22,8,7,24,6,7,69,11,9,39,6,8,4,4,9,4,1,16,2,3,15,4,3,3,28,8,5,17,6,2,51,2,3,19,7,15,5,1,8,2,0,9,0,2,15,2,3,6,21,5,8,17,0,1,44,7,7,20
907787,5,10,2,5,12,1,6,11,1,0,20,2,4,5,19,7,12,20,5,1,64,4,5,12,5,11,1,22,15,2,5,19,5,5,31,2,8,4,15,12,12,33,4,4,74,8,8,19,3,10,0,4,9,5,5,10,1,2,12,3,9,3,12,4,8,18,5,1,48,9,9,23,1,7,2,6,9,1,0,5,0,0,22,2,9,7,20,4,3,11,4,0,36,8,13,19
907789,6,13,2,7,12,2,5,15,2,3,28,1,9,5,21,5,3,18,2,4,58,2,5,23,6,11,2,14,5,2,6,16,5,6,29,9,6,3,22,6,10,29,2,6,84,6,3,25,3,6,4,2,12,3,4,5,3,2,16,2,10,7,15,3,5,20,6,0,39,3,8,26,2,10,4,1,6,2,0,6,0,2,21,2,5,4,15,6,5,26,5,1,41,6,14,27
907799,0,14,3,1,6,2,4,9,1,2,16,1,9,5,19,8,8,23,1,0,29,0,10,9,3,9,1,16,7,5,5,15,2,2,20,4,9,8,13,2,7,15,3,6,37,3,9,26,0,4,5,2,4,2,4,7,4,2,4,5,3,2,11,5,3,20,1,3,18,1,5,11,0,7,5,0,11,2,1,7,0,3,13,5,5,5,15,5,5,24,3,0,36,8,13,13
908136,13,32,9,21,20,6,13,30,1,6,23,9,12,2,35,10,4,32,1,3,130,5,9,23,6,14,0,15,28,7,14,57,9,3,45,5,22,6,24,31,13,32,14,4,104,72,8,42,7,19,2,5,29,6,15,12,5,1,23,11,9,2,46,11,4,76,3,2,167,18,6,53,1,17,6,6,35,2,1,7,1,3,32,5,8,4,39,10,4,37,0,3,45,19,11,31
908141,6,10,0,1,7,1,2,13,2,0,20,1,6,8,30,9,4,10,7,4,55,2,1,11,3,4,1,14,7,3,5,10,2,3,18,4,4,2,11,3,6,18,2,2,49,1,2,18,2,10,0,4,2,3,3,9,3,0,4,2,5,6,7,4,3,25,4,1,24,1,1,11,0,7,2,3,8,4,2,5,1,0,16,1,10,3,11,7,3,21,2,3,32,6,5,22
908146,5,7,1,2,7,4,2,6,0,2,10,1,9,6,28,5,5,18,5,1,109,4,7,13,3,4,0,18,16,2,1,22,2,2,22,1,3,7,18,11,2,16,1,2,119,9,3,20,3,3,1,1,6,2,1,10,2,1,7,1,5,6,46,5,4,22,6,3,126,9,11,34,4,3,3,4,7,0,1,6,2,0,15,0,1,4,12,6,8,15,0,3,42,10,10,13
908148,6,8,2,1,11,2,5,13,1,1,18,1,5,3,16,6,6,17,3,2,46,5,9,17,1,7,0,17,11,2,4,13,1,5,24,4,6,8,13,7,5,28,4,3,53,5,6,23,3,2,1,5,2,2,4,6,2,2,8,3,5,8,10,9,3,15,5,1,37,5,3,11,1,5,1,2,6,0,0,4,0,1,18,4,0,4,16,2,5,20,1,2,23,6,6,11
909253,9,24,6,8,17,3,5,19,3,3,26,8,6,6,28,9,8,24,2,5,90,4,7,17,5,12,2,17,28,5,7,30,3,7,53,11,27,6,23,28,15,27,14,3,112,31,8,28,5,18,2,7,16,4,2,25,6,5,16,5,15,4,21,9,10,23,3,3,90,5,6,26,1,14,5,5,16,1,3,15,2,4,35,3,8,10,17,13,4,20,4,6,45,12,11,22
753612,10,11,6,5,8,0,7,16,6,4,27,5,10,9,27,6,2,17,1,2,57,5,10,23,5,16,2,28,13,3,4,22,5,1,33,7,7,7,24,8,10,22,3,2,63,8,8,22,4,13,0,7,10,3,4,7,3,1,5,4,9,3,12,12,1,23,3,3,50,9,8,17,1,6,1,6,9,0,3,9,0,1,23,3,6,5,12,5,5,30,1,3,39,5,11,24
909696,23,43,10,13,33,5,14,28,4,7,57,13,22,10,74,18,9,42,9,7,282,8,16,45,19,40,8,23,42,14,16,50,10,11,73,13,14,19,68,21,21,53,11,7,286,24,13,76,11,31,6,7,24,6,13,21,7,4,21,11,6,12,94,10,11,59,11,3,286,12,12,73,7,28,9,3,32,2,3,27,10,7,46,14,13,16,79,4,13,68,10,7,132,20,24,79
909722,4,11,1,7,10,2,3,12,3,1,28,3,4,6,19,7,4,14,2,3,61,5,6,20,1,8,1,18,17,3,5,12,2,2,31,5,3,5,20,11,8,24,3,3,59,1,5,21,3,11,2,4,4,5,3,8,5,3,13,4,5,2,13,4,6,17,2,3,46,5,3,25,3,7,1,3,11,2,0,8,1,1,20,3,2,6,12,4,6,20,0,3,28,3,13,20
905965,5,10,4,3,11,3,5,8,3,1,16,2,5,4,13,7,3,26,4,0,50,2,4,11,1,8,0,21,7,1,7,13,6,2,28,3,6,8,19,6,9,21,6,1,51,8,8,22,5,6,1,5,5,2,2,14,1,0,7,2,7,4,16,6,5,10,1,4,44,3,4,19,2,9,4,0,11,3,3,5,1,0,21,1,8,4,12,7,5,26,3,2,30,6,13,23
910906,10,7,2,5,4,4,3,6,2,3,20,6,11,4,14,10,3,13,2,2,50,3,6,16,3,10,2,20,9,0,7,16,4,4,21,3,3,4,19,11,5,25,3,7,60,3,9,26,6,6,5,4,6,3,1,12,6,1,8,6,7,3,19,7,4,22,3,5,44,4,7,16,1,10,2,8,5,0,1,6,0,1,22,3,3,4,18,3,3,24,0,5,35,4,13,19
909743,9,14,3,8,23,2,4,22,6,6,21,3,13,5,45,16,3,32,2,1,223,4,4,23,3,20,0,8,24,8,7,41,4,3,27,7,8,4,30,25,11,40,9,8,290,38,11,46,1,21,2,4,19,3,7,15,2,1,18,7,12,2,33,6,7,45,7,2,295,8,5,54,2,12,3,1,30,2,2,14,2,1,32,2,8,3,16,5,6,18,4,1,67,8,12,26
909771,8,15,2,4,8,2,9,12,2,2,28,2,10,8,24,8,4,19,3,1,56,3,4,16,7,9,2,12,19,1,6,26,4,4,28,5,9,11,24,7,9,25,1,1,62,14,7,21,3,10,2,2,2,2,5,9,4,1,8,5,12,3,14,5,2,14,3,2,46,10,3,20,3,8,4,3,9,1,1,11,0,1,22,4,3,6,11,9,9,15,0,1,37,6,12,14
909773,4,6,3,3,2,3,1,10,3,2,17,3,4,4,19,7,5,10,3,3,26,6,4,11,3,8,0,3,11,5,3,12,3,0,11,1,5,6,7,9,5,20,3,0,44,9,5,21,2,12,2,5,6,1,1,2,4,0,8,2,7,2,11,5,3,12,4,1,38,7,3,13,1,8,4,1,5,0,1,5,3,4,12,1,9,6,13,7,4,12,0,3,16,18,7,15
909777,6,8,3,3,12,2,6,10,1,2,19,5,6,3,24,9,2,16,4,2,38,7,6,15,4,8,1,8,11,3,9,16,2,4,22,5,10,7,15,10,11,20,7,4,48,7,6,21,1,6,2,3,2,2,3,7,4,3,7,1,13,5,13,7,4,20,3,1,35,13,5,8,2,7,3,1,7,0,2,7,1,3,14,3,12,5,11,9,4,19,2,5,27,14,7,16
909785,12,20,4,6,19,2,9,19,7,3,19,8,7,4,29,11,1,26,2,1,64,6,4,13,3,17,1,9,18,10,8,27,11,3,29,9,9,10,16,15,9,29,4,2,66,26,5,22,3,13,4,8,18,1,3,12,2,3,9,3,3,1,26,6,7,29,1,1,74,7,4,35,4,14,7,2,23,4,1,9,3,2,16,0,7,4,17,6,1,26,2,2,34,11,8,15
907274,4,7,1,5,4,0,5,10,3,0,9,1,5,2,18,7,3,15,1,3,34,3,3,9,2,7,2,8,9,2,6,11,2,3,14,0,6,5,11,6,3,19,2,2,50,7,4,20,3,6,0,5,12,0,3,10,4,1,4,0,5,2,7,6,3,14,3,0,36,3,4,14,7,3,1,3,10,4,1,1,3,2,12,1,0,3,13,2,4,10,4,4,27,3,5,8
907272,4,36,2,7,66,3,7,50,3,4,28,6,8,7,93,13,8,47,0,3,193,12,5,50,3,17,3,8,45,7,6,50,7,2,56,2,16,7,41,29,6,48,15,7,193,73,3,47,5,26,3,8,42,4,7,28,9,4,21,17,15,7,161,11,9,113,8,2,337,30,5,111,1,35,9,0,72,6,2,26,2,2,45,13,8,7,69,23,4,54,5,2,93,34,9,59
910705,5,15,4,6,10,3,5,20,1,1,29,7,5,6,21,9,4,12,2,1,64,2,4,19,9,3,0,15,10,1,5,16,7,7,26,4,6,4,19,3,9,30,2,3,55,3,9,18,2,14,2,4,8,4,2,10,1,1,8,5,5,1,20,4,11,10,6,1,45,1,4,29,4,11,4,3,8,1,3,6,0,2,21,4,5,4,11,4,7,14,2,4,34,7,13,23
906695,7,15,5,4,10,1,5,15,3,9,28,2,6,7,20,8,3,19,1,2,55,2,10,23,5,10,0,6,9,4,7,17,4,8,33,5,4,7,9,7,9,20,6,2,54,5,8,23,3,9,1,8,5,2,3,6,1,3,10,4,9,5,19,9,6,21,7,2,40,4,3,24,3,15,6,3,5,1,1,13,1,0,25,2,4,6,27,8,5,34,2,3,39,9,9,18
753548,13,33,7,6,21,4,8,30,9,6,30,17,23,16,194,23,9,69,9,7,274,18,14,100,7,14,9,14,31,7,12,35,11,9,40,8,48,10,90,43,14,59,9,13,207,72,13,85,6,12,2,5,17,3,12,19,7,2,15,9,34,15,249,15,8,105,11,4,303,44,16,166,1,23,16,6,27,4,4,17,1,4,33,10,15,10,110,32,2,81,8,7,91,45,22,86
910544,9,13,4,7,6,4,7,15,6,3,19,4,11,10,27,8,2,24,1,2,52,3,7,18,4,7,3,2,8,5,6,20,4,1,35,8,14,8,20,7,11,30,5,5,41,9,14,23,4,7,3,4,6,1,4,9,4,2,8,2,12,4,20,7,2,18,6,4,32,3,3,22,4,20,2,2,8,4,5,6,2,3,25,6,12,6,23,14,9,32,7,0,34,14,16,19
906838,14,33,9,31,41,9,14,34,7,7,42,18,9,9,43,17,5,28,9,3,136,6,13,35,6,15,3,25,36,10,10,46,9,7,52,10,18,4,38,24,10,36,9,7,119,45,10,48,4,36,13,4,37,7,10,28,10,3,29,3,10,7,47,21,12,89,8,3,181,20,9,66,10,19,9,3,59,3,3,25,5,0,51,6,7,9,22,12,7,50,3,3,66,23,12,48
924110,4,4,5,3,10,2,5,11,1,1,13,2,4,1,15,9,4,19,3,6,40,4,9,10,5,12,1,4,13,1,3,12,4,6,19,2,3,3,32,9,3,29,7,1,47,4,9,29,0,8,1,3,6,1,1,12,3,0,8,1,7,2,17,4,4,19,2,1,28,1,4,15,3,9,2,1,5,1,0,4,2,0,14,2,6,8,29,7,7,56,5,1,30,4,7,25
949088,8,21,5,8,17,2,8,23,6,4,24,6,10,7,28,9,6,24,4,5,83,6,4,32,7,15,2,18,22,5,4,27,6,6,46,6,13,8,29,10,14,29,4,2,96,7,16,43,6,18,3,4,9,2,5,14,5,3,8,5,4,1,23,10,3,22,5,0,68,11,12,30,3,13,4,2,9,4,10,9,1,3,25,6,5,10,30,11,8,30,4,4,39,8,17,22
907275,6,20,2,6,12,3,5,24,3,5,33,4,8,12,25,7,10,17,8,3,74,4,7,20,5,15,3,13,16,3,5,15,6,8,32,12,14,3,23,10,7,37,3,1,91,7,14,31,9,17,3,5,9,0,4,7,2,2,5,5,9,6,14,10,9,20,3,3,65,6,9,18,3,20,6,1,12,6,0,13,0,2,27,4,4,12,16,8,9,33,2,5,53,8,13,24
906800,11,5,3,4,10,4,3,5,2,2,19,1,6,4,27,4,4,38,1,1,70,0,2,19,6,12,1,1,8,8,3,16,0,7,29,6,5,7,11,4,8,31,3,6,58,4,7,22,4,11,2,3,4,2,5,6,1,4,4,2,9,2,18,5,4,20,2,1,45,4,5,20,3,8,3,0,6,0,1,8,1,2,13,1,2,2,7,8,5,26,2,4,32,12,15,16
909251,6,10,4,6,7,1,2,19,5,3,21,3,9,7,20,4,3,12,3,4,66,5,9,15,3,7,3,5,19,2,9,18,5,5,30,4,4,9,21,7,3,28,3,2,89,4,6,25,3,3,2,1,8,4,5,7,3,1,8,3,6,2,16,3,7,13,4,2,42,4,5,18,2,9,3,2,9,3,2,7,1,2,28,3,4,9,14,2,2,31,3,7,37,5,8,13
906854,4,11,4,4,13,2,4,15,3,4,17,4,10,7,21,10,3,14,0,2,47,1,3,13,1,5,2,4,10,1,2,14,2,1,15,7,8,5,13,5,2,19,2,2,50,1,4,16,0,5,1,4,5,0,3,3,2,1,6,2,2,4,11,6,3,11,1,0,39,4,6,12,5,5,3,3,2,0,0,6,0,2,19,0,2,2,15,4,3,16,0,2,26,6,6,14
910209,7,16,3,4,8,2,6,6,3,3,17,4,7,4,18,7,6,6,1,1,32,5,4,14,4,8,3,11,11,6,4,13,2,6,25,2,27,4,22,20,8,20,5,5,71,21,9,16,2,7,2,7,6,6,0,5,0,0,12,3,5,8,17,9,1,16,7,2,45,13,3,21,5,14,1,8,5,3,4,6,1,1,27,1,8,4,7,15,3,31,2,2,38,10,10,23
906765,6,9,3,4,12,1,3,12,0,3,24,5,10,7,30,4,1,28,3,5,73,4,8,19,1,11,0,7,14,5,9,17,5,8,38,7,7,5,19,5,10,22,5,9,77,8,4,24,4,6,3,3,11,3,7,10,4,2,11,1,8,4,18,5,5,23,7,5,61,7,7,22,6,11,8,1,6,1,3,5,1,3,29,4,2,5,13,5,4,23,4,5,44,8,4,19
910703,10,22,4,6,14,8,13,18,4,5,32,5,12,11,44,12,9,27,4,8,107,7,10,34,11,11,1,9,20,5,15,29,9,10,50,6,11,7,40,22,22,54,4,9,143,10,21,45,4,14,1,3,15,6,5,13,5,3,23,8,10,5,30,10,15,29,4,7,82,9,11,30,3,14,4,3,13,4,3,16,5,2,46,2,8,5,35,4,17,34,3,6,58,10,22,26
910688,5,9,1,6,19,4,4,22,5,3,24,6,9,8,32,9,4,22,4,3,86,1,3,19,11,9,2,12,19,4,8,27,5,7,29,6,13,6,27,8,14,22,4,6,64,2,8,24,4,11,0,4,9,1,3,10,1,3,6,5,5,2,18,11,7,17,4,1,71,8,3,18,5,11,2,1,11,0,5,10,0,3,31,4,4,6,24,5,11,24,1,2,55,3,12,20
906846,38,88,13,23,82,15,28,84,19,16,162,24,35,53,165,47,30,91,10,19,332,21,36,103,29,56,14,26,96,16,37,132,27,22,184,21,34,34,105,32,54,132,29,19,370,20,44,111,27,48,14,16,45,16,16,47,22,6,64,18,28,31,100,30,16,104,23,11,245,29,25,93,15,53,16,7,45,6,8,44,13,17,139,21,18,29,98,30,33,99,14,21,179,39,62,98
906847,51,92,25,19,90,14,32,94,26,21,164,18,37,51,179,50,24,119,20,22,370,20,30,105,35,85,7,34,96,20,33,145,24,36,203,36,45,38,138,43,46,150,20,20,382,34,48,151,26,72,15,12,50,16,25,56,15,17,58,21,31,25,88,50,39,109,19,7,289,29,26,129,18,79,29,12,65,1,4,48,10,15,165,26,27,39,116,47,33,126,11,20,229,41,56,92
907268,38,82,10,12,76,18,27,72,19,15,120,16,34,44,138,40,18,76,15,11,312,23,31,113,19,58,7,24,75,17,31,117,20,31,153,24,24,27,92,30,44,93,30,18,321,26,39,117,22,43,6,8,41,10,22,49,8,7,46,20,17,25,85,34,25,90,18,15,211,14,30,105,15,59,23,14,43,6,9,51,7,8,136,19,19,22,77,28,46,84,13,12,174,25,57,98
907053,4,12,2,0,12,2,3,18,2,4,18,1,9,7,19,8,1,12,2,4,54,4,1,22,4,9,0,11,13,4,6,15,4,4,42,5,3,7,15,8,9,31,6,7,59,5,11,24,2,12,3,4,10,3,7,9,1,0,7,3,4,1,19,6,4,14,9,2,42,3,2,20,4,12,3,4,9,2,2,8,1,2,24,4,5,5,16,6,6,14,2,2,36,3,10,8
1290455,10,12,2,2,15,2,3,9,4,4,19,2,4,4,22,6,4,21,0,2,54,7,4,24,2,10,2,7,10,1,4,13,0,3,34,4,5,3,16,8,4,18,2,4,41,2,6,20,5,5,2,3,5,2,5,6,0,1,5,4,8,4,14,6,5,9,3,2,29,6,3,10,1,11,2,1,7,2,3,8,0,4,16,2,2,5,19,3,8,24,1,4,28,4,7,23
1247871,9,13,3,7,13,1,1,13,3,5,22,2,7,5,25,13,3,19,6,4,72,7,4,23,5,11,3,10,17,4,3,23,1,8,32,3,11,9,14,11,9,18,5,8,73,4,5,26,1,9,3,5,9,2,3,12,2,1,7,6,6,5,15,8,6,18,4,0,52,3,6,13,3,16,5,4,6,3,4,12,1,1,23,3,3,6,20,10,2,29,0,1,36,7,12,19
1298222,8,12,4,3,6,4,5,12,1,0,29,4,6,9,18,7,3,14,1,2,62,7,9,14,6,8,4,5,17,7,4,19,5,3,29,6,15,7,17,6,11,24,5,2,55,5,6,27,4,6,0,1,7,1,5,6,2,2,7,6,11,5,16,6,6,17,7,2,44,3,10,16,1,4,3,1,13,3,0,6,2,1,25,0,9,6,10,10,7,25,5,3,36,12,8,20
1298359,2,3,2,0,5,6,1,7,3,2,12,0,8,1,17,7,2,10,2,2,41,8,3,15,4,2,0,3,8,0,3,12,2,5,24,1,26,6,18,13,5,19,4,4,28,7,2,16,1,7,2,1,1,3,0,2,2,1,12,7,10,3,5,10,5,15,6,1,25,8,3,10,2,5,1,0,4,0,0,2,0,1,9,1,8,9,21,5,9,21,4,2,33,5,13,20
910919,11,13,2,3,4,1,7,8,1,5,9,3,6,8,25,6,4,13,2,5,42,5,4,21,4,7,3,14,11,3,4,21,0,4,27,3,5,4,19,5,5,21,1,5,47,4,10,17,2,6,0,3,9,2,1,9,1,2,9,5,9,4,18,8,0,24,2,2,37,3,4,20,4,8,5,5,5,2,2,9,0,2,12,2,2,7,19,3,1,26,0,3,37,5,11,20
909703,9,11,5,1,18,5,4,12,1,1,24,3,4,4,21,3,4,35,1,5,151,5,8,19,3,7,4,5,16,3,7,18,4,3,35,5,6,2,22,9,11,26,7,5,227,14,4,26,7,12,0,3,15,7,6,8,8,3,11,4,6,4,13,7,1,29,5,0,182,3,0,16,1,5,3,3,20,2,3,8,0,1,14,2,4,5,20,7,8,26,3,0,61,8,15,23
753574,9,14,6,0,6,4,3,14,4,5,21,8,9,6,21,6,6,15,5,1,58,12,6,17,6,9,3,0,19,0,6,14,1,3,22,5,7,3,23,8,8,31,7,2,70,4,8,23,8,8,2,4,6,4,5,5,4,3,3,2,12,2,18,4,4,19,2,3,49,5,4,24,3,8,4,4,10,0,2,9,1,1,14,1,4,8,22,7,5,52,3,3,39,12,14,16
946354,7,8,2,0,9,3,4,6,6,2,13,3,4,5,16,6,3,14,0,1,41,1,4,12,3,9,1,2,9,2,7,14,7,5,18,4,6,4,22,5,7,13,5,2,44,6,8,21,3,11,2,0,6,1,1,7,3,0,7,4,4,3,10,5,4,12,0,3,29,4,2,12,1,9,4,0,4,2,1,7,2,0,24,2,8,9,25,8,3,14,3,0,29,5,10,17
906877,14,31,8,18,21,4,14,33,7,5,30,8,8,9,35,11,13,31,2,3,153,6,14,33,4,20,1,26,41,5,12,58,8,2,48,8,11,8,30,21,15,34,13,5,161,21,12,37,8,31,9,4,46,9,5,15,4,2,26,9,12,9,61,11,20,89,4,1,248,23,7,61,4,27,8,3,41,5,3,15,4,3,32,12,6,12,36,7,8,59,3,0,56,13,16,42
753576,8,9,1,2,7,4,2,17,2,2,22,8,3,8,14,7,6,19,0,3,54,5,7,20,3,9,1,2,9,3,4,18,2,2,20,4,5,6,23,5,12,25,3,4,67,8,12,18,4,4,4,3,5,2,2,8,7,4,5,4,11,1,13,6,5,17,2,3,36,7,6,16,3,8,6,2,4,3,2,6,1,0,21,6,5,8,24,4,11,28,3,5,39,10,15,20
1240167,8,6,5,4,15,3,7,11,2,3,22,3,12,7,18,9,2,16,2,2,53,3,3,21,5,7,1,5,10,2,6,10,3,1,24,5,12,5,26,7,6,44,2,6,44,5,4,19,6,3,1,0,8,1,2,6,3,0,8,3,13,3,15,10,3,12,6,4,40,5,6,14,3,13,6,0,5,1,3,4,1,0,23,8,8,7,27,4,6,51,2,4,40,7,20,28
910944,5,19,0,4,2,2,1,8,0,1,18,3,7,8,26,5,0,13,5,3,63,3,3,16,5,4,1,17,13,3,8,20,4,8,19,3,8,7,19,12,9,20,5,2,66,10,7,32,4,7,3,4,5,3,1,10,2,1,7,1,5,2,18,8,2,21,1,3,32,6,5,15,2,7,0,6,8,1,1,5,2,0,20,5,8,5,12,4,3,25,1,1,28,7,11,18
910549,6,13,2,1,6,2,9,8,2,3,21,5,4,8,22,9,1,18,1,0,53,5,4,14,3,14,0,4,11,0,7,16,2,6,26,5,1,3,17,6,6,29,2,4,61,3,4,20,1,7,4,3,4,2,5,10,3,1,4,2,4,4,14,6,1,13,4,5,37,7,4,20,3,5,3,1,5,0,3,6,1,0,21,6,1,4,10,5,2,23,2,4,36,5,9,16
910687,6,6,3,3,3,5,6,12,0,1,27,2,10,4,23,9,3,10,3,1,50,2,3,17,5,6,1,10,14,6,4,11,6,3,30,7,8,6,28,11,5,20,4,6,60,4,9,25,8,9,0,4,10,4,2,4,0,4,6,7,7,3,14,5,7,11,3,1,40,5,5,13,1,7,2,4,5,1,0,6,1,0,18,2,6,4,12,7,7,15,1,5,34,9,4,20
907319,8,10,7,2,5,2,3,13,5,2,9,0,7,3,17,6,2,10,2,1,25,8,5,10,5,3,4,1,4,3,4,17,6,6,13,2,6,2,24,3,7,48,4,5,44,6,7,33,3,6,2,3,2,2,3,4,5,2,1,3,8,5,18,6,4,17,3,0,24,2,2,8,1,4,1,1,5,0,2,2,0,1,16,0,6,14,15,6,7,61,3,0,30,14,21,26
910710,7,3,2,6,7,3,2,6,5,2,18,2,7,5,17,11,6,23,4,2,30,1,1,18,3,5,1,16,7,4,9,14,3,5,26,5,1,6,24,3,10,28,2,2,53,5,8,29,6,11,1,2,6,3,3,10,6,0,8,4,0,4,18,5,7,16,3,2,45,3,5,17,2,7,3,2,4,2,0,3,0,0,14,2,2,5,21,5,6,24,2,3,21,5,7,17
753559,25,68,9,13,52,5,16,55,14,8,87,12,18,32,111,37,19,70,13,8,283,22,27,88,25,44,7,22,70,13,29,109,20,21,135,19,19,34,101,31,32,92,19,12,274,21,33,103,21,41,6,5,46,13,12,31,8,8,42,15,18,17,64,21,24,82,19,2,207,18,28,76,15,50,19,8,43,4,9,36,5,5,109,17,19,27,87,21,37,71,10,11,164,24,48,78
907318,7,12,8,3,13,4,3,12,2,0,29,4,6,7,24,10,1,30,1,1,67,5,3,25,10,8,3,4,21,4,3,13,5,7,35,5,9,9,33,13,8,45,6,3,68,8,6,35,6,10,1,3,7,7,4,7,4,2,5,2,7,4,13,7,5,22,6,2,57,3,12,20,1,8,5,2,4,2,3,6,1,1,18,2,10,7,36,4,4,54,4,1,68,8,22,26
905952,5,6,2,5,11,1,2,13,3,1,16,3,9,0,26,4,1,19,3,3,117,5,8,15,1,9,2,6,5,1,0,32,2,1,23,5,5,2,21,7,10,26,5,5,163,10,7,27,4,10,1,3,9,3,1,9,3,1,9,5,7,5,27,7,7,25,4,2,162,5,7,36,1,4,3,3,11,3,1,5,1,0,9,0,3,2,23,3,7,21,0,5,46,9,8,20
907317,12,9,4,2,11,2,3,11,4,2,12,3,6,9,23,8,5,18,0,2,59,2,4,14,4,6,2,5,11,4,4,18,5,4,15,7,11,5,28,5,10,31,4,2,54,11,4,27,3,7,2,1,7,1,6,9,1,1,7,5,15,0,10,9,3,27,2,0,55,7,4,11,2,9,6,2,5,3,0,4,1,4,28,4,11,5,29,6,4,39,2,2,39,9,11,22
906836,10,14,6,0,8,9,1,22,3,2,19,4,8,8,27,16,5,14,0,2,69,2,5,23,4,13,2,18,10,7,0,25,4,6,28,1,10,10,20,4,10,25,3,4,59,7,12,22,3,9,2,5,4,3,4,14,5,2,13,6,12,3,16,3,4,17,0,3,53,6,5,22,4,2,1,2,6,0,2,7,1,4,25,2,8,4,15,4,4,19,3,0,41,12,14,20
753573,5,10,3,3,12,3,2,10,1,4,29,2,4,4,14,8,3,15,4,1,52,5,8,23,1,13,3,8,10,2,6,13,6,3,17,4,3,5,26,5,5,55,5,4,55,5,7,52,5,11,3,3,7,5,5,8,6,5,7,3,5,3,21,13,3,23,1,3,45,4,4,17,2,10,2,3,8,0,3,7,3,2,21,3,3,2,31,7,7,72,4,3,44,8,11,46
906842,6,13,4,5,13,4,3,7,1,4,22,2,14,3,15,8,5,21,1,5,54,3,5,10,5,12,1,17,10,0,2,17,4,3,27,2,5,7,14,1,5,28,3,4,67,2,5,24,4,5,2,5,6,2,2,12,1,0,12,5,4,0,9,7,2,21,6,2,30,3,5,16,0,6,3,2,5,5,0,5,1,1,24,2,4,4,17,4,9,20,3,2,30,3,7,20
946353,6,14,1,1,14,4,4,10,4,4,35,4,7,8,31,10,3,15,4,1,65,3,5,15,10,8,2,8,14,3,9,12,2,5,30,3,7,4,22,12,9,29,3,2,65,6,13,29,3,9,2,2,1,6,3,9,2,5,8,4,12,3,10,8,5,7,4,2,52,4,5,21,1,15,5,4,15,3,0,4,2,1,23,7,5,21,20,7,14,23,5,3,44,14,26,24
753623,4,12,3,1,10,2,3,8,2,2,21,5,8,6,19,5,3,11,5,2,52,2,11,20,4,3,2,3,12,1,3,14,3,2,21,4,2,3,26,8,6,22,2,3,54,5,7,16,4,8,6,3,7,1,1,3,2,1,12,3,4,1,14,6,8,17,0,1,47,5,7,18,2,8,5,1,5,1,0,5,1,0,23,2,9,6,16,1,4,16,3,4,34,9,18,19
906856,2,7,2,1,3,4,6,4,1,0,7,2,3,5,14,6,2,14,5,0,31,0,2,13,1,5,0,10,10,1,3,12,2,3,15,2,15,2,29,5,9,20,5,2,42,15,4,13,3,6,2,1,4,1,0,5,0,1,5,1,8,4,12,11,4,10,3,1,23,7,2,17,2,6,0,1,6,3,0,4,1,2,9,4,3,4,11,8,5,19,3,3,32,14,7,16
907050,0,8,0,4,2,3,9,9,4,4,11,3,1,2,15,2,2,6,0,0,36,4,4,11,1,12,1,22,8,3,3,10,6,3,15,2,6,7,18,3,5,19,3,0,45,4,6,19,2,5,1,2,6,0,6,6,1,0,4,4,8,3,11,11,4,17,3,2,19,3,2,8,1,4,3,5,6,3,1,5,1,1,9,2,4,4,7,8,6,23,2,1,16,4,6,18
905938,10,16,5,4,9,2,4,13,3,2,24,1,4,6,14,9,4,29,5,3,55,5,7,14,6,5,2,12,12,1,5,18,3,5,20,4,10,8,17,8,6,25,8,3,66,5,10,13,1,7,2,5,2,5,3,11,3,0,6,2,3,6,15,10,4,12,5,1,39,3,4,15,3,4,3,3,12,1,1,8,2,2,26,2,2,5,11,5,8,23,1,2,35,8,13,26
907269,13,8,2,5,12,3,4,15,2,5,19,3,4,4,17,7,6,14,2,0,57,2,5,15,1,6,2,13,11,2,3,12,3,7,25,7,1,9,16,12,7,28,2,5,58,7,9,16,0,13,0,5,2,3,4,7,1,0,4,0,6,6,18,2,2,7,4,5,40,3,2,14,4,10,1,5,9,1,1,6,0,1,17,4,4,10,14,4,4,31,4,2,30,6,14,21
907270,11,30,6,10,31,5,7,19,5,2,40,7,8,14,43,15,8,32,6,6,118,6,13,29,10,19,3,18,36,4,12,51,8,8,73,11,12,10,34,12,29,51,8,12,124,6,19,58,8,19,3,6,21,7,6,25,2,4,22,3,14,6,27,17,14,36,8,4,102,15,17,40,8,20,7,6,13,2,4,17,2,2,56,4,8,13,39,9,12,44,8,9,92,12,27,46
946355,9,14,8,2,11,3,3,10,5,3,18,2,9,5,19,11,3,13,2,1,50,3,4,19,8,5,5,5,11,1,3,13,6,3,21,5,8,3,17,4,8,19,7,2,51,4,3,22,6,6,1,2,2,4,6,5,3,2,4,1,7,1,15,5,5,13,2,5,45,7,6,13,1,9,1,2,9,4,1,11,1,2,22,1,13,6,19,3,7,26,3,2,31,8,12,21
735784,6,13,2,1,9,3,3,8,2,3,23,3,10,7,14,6,1,20,0,1,61,4,7,15,5,6,1,4,8,2,2,11,4,1,19,3,5,6,19,7,7,8,5,1,48,7,7,15,3,6,1,0,3,1,5,7,1,1,8,4,17,1,13,4,3,27,2,1,47,8,4,16,3,10,8,1,2,1,2,9,1,1,19,2,7,13,27,4,9,17,2,2,31,7,26,20
753614,8,14,4,2,8,0,12,11,3,4,22,3,5,5,27,11,1,10,2,0,49,1,5,24,2,12,1,2,12,0,5,12,3,8,27,4,2,6,15,3,11,11,4,4,55,3,10,21,4,5,2,3,5,2,3,7,4,2,5,4,7,4,19,3,8,11,3,2,36,2,5,16,2,9,6,2,6,3,0,10,1,1,41,2,6,12,28,8,5,14,1,4,36,11,21,20
946356,7,13,4,3,10,5,5,14,4,5,20,5,8,9,23,2,2,20,1,1,68,3,13,19,1,7,3,3,11,6,2,17,1,5,29,3,0,7,15,6,7,17,2,3,47,3,3,21,5,6,1,4,8,4,2,3,4,3,6,3,4,3,17,4,5,10,3,2,35,6,8,20,3,9,6,4,6,2,2,4,0,1,16,2,3,6,28,0,14,21,6,6,27,9,16,10
753621,8,21,3,2,18,5,5,18,7,5,38,9,13,7,33,14,6,28,1,2,68,7,4,24,5,15,3,6,15,2,8,30,10,2,40,2,6,7,32,11,8,24,1,3,75,3,4,23,7,10,3,2,3,5,7,10,5,5,8,5,12,4,12,1,4,17,4,1,69,3,6,24,3,11,1,2,12,1,0,11,0,1,32,2,7,10,16,4,11,31,3,2,52,15,18,19
908143,4,14,3,14,17,3,9,11,2,2,17,3,6,7,26,7,5,20,6,6,59,4,4,17,5,8,2,9,32,5,3,19,2,4,18,4,7,7,27,8,14,25,6,2,75,12,8,18,6,15,2,4,41,5,7,11,4,2,10,10,2,3,34,15,9,59,4,4,175,9,7,49,2,11,4,4,20,1,2,7,0,3,23,1,6,3,19,7,9,29,1,3,40,10,8,14
753622,3,24,2,1,12,2,3,14,3,1,23,4,9,10,19,12,4,14,3,3,55,4,6,20,5,9,4,7,18,4,7,20,4,2,34,3,7,5,18,9,8,16,6,1,55,13,14,18,3,15,3,4,4,3,3,5,2,4,7,5,6,4,12,14,3,15,6,3,49,5,5,17,1,9,2,0,6,2,2,7,4,2,29,4,6,6,25,5,5,11,2,2,52,7,6,22
905958,10,26,7,11,27,3,12,17,4,0,23,10,20,9,70,19,5,70,11,1,218,15,8,50,4,15,2,14,29,3,4,36,3,4,42,8,21,6,40,30,7,39,8,21,114,49,14,51,6,14,2,1,14,3,4,23,4,4,19,13,26,8,138,26,5,157,14,7,447,48,9,117,4,28,7,4,34,3,6,22,1,1,26,5,16,8,85,22,9,119,7,1,129,71,17,81
753575,12,9,5,4,14,2,8,9,2,1,20,0,5,3,19,7,4,13,2,4,51,3,4,13,2,8,3,6,9,2,4,15,3,3,34,7,10,6,15,4,5,25,8,5,52,6,3,19,2,10,2,2,6,2,2,11,3,4,4,5,8,3,11,5,2,24,3,2,40,1,3,11,0,10,4,1,9,2,1,9,4,0,20,4,5,15,14,5,7,32,2,3,34,10,17,16
908156,9,10,1,3,15,2,8,15,3,4,15,3,13,8,17,6,8,21,3,1,47,5,5,13,7,16,2,10,15,1,2,25,4,4,29,5,10,4,15,6,13,29,9,6,67,10,7,22,8,8,2,8,6,3,4,8,3,0,12,2,3,3,16,10,3,20,5,1,52,7,3,20,2,8,2,3,6,0,1,10,1,1,21,4,18,7,24,15,8,27,2,2,40,11,9,28
907321,9,12,4,3,19,3,3,19,7,4,26,3,9,4,28,14,4,17,1,0,52,5,6,21,6,6,3,4,11,3,3,13,5,4,32,6,9,2,30,8,11,44,1,7,62,9,10,31,4,8,4,0,11,1,3,10,7,1,11,3,9,8,12,9,10,20,5,3,51,3,6,25,2,18,4,1,2,1,2,3,4,1,28,6,13,16,45,11,6,59,1,4,43,10,25,44
907320,9,19,6,3,17,6,6,16,2,7,28,5,18,17,23,11,5,22,3,6,62,8,13,26,9,10,4,8,10,6,6,31,7,2,27,7,14,11,34,10,13,50,5,6,69,13,9,35,13,14,3,2,7,3,9,7,7,2,13,9,16,4,30,5,10,18,4,7,58,11,6,17,5,13,6,3,14,1,0,10,3,5,38,7,5,13,30,12,11,56,4,4,49,15,16,36
908448,8,19,2,9,14,3,4,9,4,3,25,3,8,7,34,12,6,17,3,0,64,3,1,20,4,9,4,11,13,7,3,20,5,6,32,4,9,8,25,9,18,41,7,6,79,8,7,25,2,16,1,4,7,4,10,13,4,1,10,4,17,4,20,6,2,14,0,2,59,8,5,18,5,13,4,6,12,0,1,5,1,4,41,2,12,4,14,16,5,27,5,5,47,12,13,25
753555,9,14,3,2,4,4,4,10,1,3,21,7,8,5,25,3,5,13,2,0,51,3,6,13,3,10,3,4,11,4,6,14,3,3,27,3,5,5,16,6,10,18,1,3,48,3,9,29,2,13,1,1,6,1,6,6,4,3,6,3,3,3,13,5,5,21,4,1,34,3,7,14,3,7,1,2,12,2,2,5,1,1,25,6,4,5,13,4,10,14,2,3,31,10,14,15
908451,8,16,6,5,12,2,6,12,2,1,31,2,8,1,28,11,4,15,3,0,79,7,9,18,4,11,1,6,5,4,7,16,4,2,33,4,9,4,18,11,3,18,7,9,61,9,3,29,2,12,4,1,10,3,9,7,2,1,9,6,8,2,14,6,7,14,3,5,41,9,8,23,3,14,4,3,9,0,4,9,1,2,28,1,6,8,14,11,4,20,4,2,43,9,8,18
906817,26,62,14,7,60,10,22,39,13,18,86,17,24,24,96,28,18,59,17,10,219,18,14,65,17,43,2,20,53,8,21,74,11,19,121,16,22,21,67,29,34,90,16,11,229,13,16,83,15,37,6,7,32,13,13,30,9,3,39,17,21,15,65,26,18,59,19,5,149,16,27,77,4,32,19,4,38,4,6,33,4,9,94,11,16,25,64,17,30,68,10,11,114,30,41,74
910545,13,15,1,4,13,3,4,12,4,3,28,5,7,2,22,7,5,23,3,2,73,10,8,18,4,8,1,9,17,1,8,20,6,0,33,2,7,1,18,7,4,28,6,2,77,8,7,24,9,16,3,2,15,3,5,9,2,4,8,4,9,8,17,3,4,22,2,3,42,7,3,29,8,7,5,5,6,5,3,8,2,4,23,6,4,6,18,5,6,30,1,4,43,8,11,28
910401,5,26,2,4,18,8,9,15,1,3,36,3,13,10,25,12,7,33,4,2,61,6,11,30,5,12,3,9,12,4,8,25,4,7,36,11,9,5,28,17,22,30,5,5,80,11,18,44,3,7,2,2,10,2,4,12,3,3,18,3,15,8,30,10,11,22,8,5,57,13,9,21,5,12,3,7,13,2,2,5,2,2,37,7,11,4,27,12,5,32,3,5,48,14,10,27
905964,31,61,15,14,64,12,16,61,11,16,124,16,30,37,111,38,17,86,13,19,289,19,25,75,30,58,13,24,67,12,32,99,26,12,155,24,33,25,98,33,37,113,13,18,296,25,40,118,15,45,10,6,40,12,14,44,17,8,46,20,30,25,75,37,25,85,25,12,176,20,26,85,17,54,17,8,32,8,7,40,7,11,136,20,24,33,92,30,41,98,7,12,160,31,57,80
906763,11,17,4,4,15,6,4,18,4,6,16,5,11,7,22,9,9,28,6,3,76,5,5,21,7,10,4,12,10,2,10,12,3,6,42,4,9,10,22,12,12,26,2,6,81,8,5,37,2,10,2,8,4,5,6,11,4,5,13,2,7,2,21,9,4,31,6,7,48,7,6,21,4,15,3,6,10,1,0,9,1,3,28,2,6,3,16,6,11,34,7,2,64,5,17,24
906807,10,16,0,5,12,2,4,14,2,1,23,1,6,7,27,6,8,18,3,2,66,3,7,12,1,14,2,22,5,1,4,20,4,1,24,5,8,0,24,11,4,29,1,7,62,5,5,21,2,4,2,5,8,2,4,22,6,1,10,1,4,4,17,5,5,23,9,4,47,7,8,21,2,8,4,6,8,0,1,6,5,1,13,6,5,15,69,8,7,39,3,3,45,5,18,49
907277,4,15,2,6,16,3,1,9,1,1,25,1,7,3,20,8,6,22,4,4,51,3,6,16,5,8,3,7,11,2,6,20,3,6,26,2,13,6,12,11,10,15,3,4,71,6,7,14,5,9,1,4,5,3,4,6,4,0,7,4,12,1,12,9,6,20,3,2,45,4,6,13,4,17,6,3,15,2,1,9,4,2,18,2,8,6,18,7,3,24,4,2,27,6,7,22
1330987,6,17,2,3,11,3,4,15,3,3,26,2,12,8,15,10,2,12,3,4,55,5,6,18,4,5,2,4,11,6,8,25,3,3,35,1,5,5,25,4,9,23,4,4,72,3,5,23,3,9,2,5,7,2,7,11,2,0,11,2,10,5,10,8,10,10,4,2,45,4,4,17,2,8,4,3,13,1,2,4,0,3,20,2,10,7,13,9,8,15,1,1,29,5,17,22
1303896,8,16,4,6,12,4,4,13,2,3,29,2,13,8,36,12,3,22,6,6,72,4,6,26,5,11,2,19,12,9,7,23,3,7,31,9,5,4,25,3,7,40,3,5,61,12,7,20,6,18,0,7,5,4,5,12,2,2,12,7,12,7,20,10,9,16,1,5,55,5,4,20,0,13,4,3,9,5,0,6,2,5,26,6,4,9,19,5,5,26,0,6,39,4,4,29
909701,7,12,3,3,12,1,3,16,3,2,10,2,11,8,18,7,6,19,3,5,63,1,5,22,3,9,1,7,12,2,3,17,1,4,24,3,6,9,22,7,5,21,2,6,57,8,7,25,7,19,0,1,6,2,1,8,1,2,16,4,5,3,11,6,5,16,6,2,39,3,6,25,2,12,2,5,6,2,2,6,1,1,13,5,7,7,8,2,7,31,1,1,42,9,15,27
1330932,4,7,5,0,10,1,3,10,0,0,20,7,5,5,26,8,2,24,5,1,52,5,2,15,7,7,1,5,20,2,6,18,4,7,25,1,6,3,13,4,10,25,1,5,63,7,10,29,10,9,1,3,6,3,5,7,4,5,5,4,6,6,20,12,9,23,5,2,47,4,5,18,1,12,4,0,13,1,1,6,0,0,12,2,6,3,11,4,9,14,1,4,29,6,7,22
909262,42,95,20,24,89,8,25,67,5,15,141,28,42,52,148,48,23,93,16,12,363,21,37,105,37,68,10,28,88,17,30,136,29,23,184,31,32,28,117,41,50,133,22,17,377,35,45,159,22,61,16,20,59,26,25,69,12,14,53,23,27,31,86,37,29,96,25,6,250,26,40,108,20,70,27,12,64,10,13,54,10,15,130,19,23,29,98,36,42,110,14,24,185,35,78,105
910918,3,10,3,4,7,0,7,10,2,4,26,2,9,1,24,8,7,14,2,1,49,5,5,15,2,11,2,18,10,3,4,17,2,5,29,0,6,8,16,7,10,30,1,1,66,5,8,21,3,10,3,10,4,3,2,10,2,2,6,3,3,3,23,10,3,22,5,2,47,2,4,10,4,7,1,2,5,1,1,3,1,1,13,2,6,72,146,9,19,64,5,8,66,18,74,90
906831,119,486,62,74,534,37,72,446,66,51,519,40,79,95,418,67,79,309,45,56,644,40,55,388,149,305,61,120,355,125,166,477,215,102,550,86,127,90,401,108,107,390,189,166,686,66,72,576,88,345,49,63,244,38,101,268,62,64,282,46,116,91,321,79,82,317,141,71,481,54,53,461,94,274,67,76,258,40,39,260,59,62,480,48,62,119,288,53,99,341,39,79,388,59,124,409
907043,4,9,1,4,3,6,5,10,3,1,20,2,5,2,17,3,5,7,1,3,42,6,4,13,1,7,3,16,4,3,6,16,0,3,17,4,6,2,13,6,9,31,2,3,41,3,7,35,1,10,3,10,6,1,4,8,3,0,7,2,3,7,11,5,3,17,7,2,30,5,3,15,3,8,2,4,6,2,0,4,1,1,18,4,3,6,30,7,6,53,2,3,42,3,10,32
907322,4,17,6,6,19,4,6,11,6,2,25,4,7,4,29,8,3,25,4,1,61,8,6,16,3,10,1,8,12,5,7,28,4,7,22,4,8,5,21,10,12,26,4,4,62,9,10,22,4,8,4,1,6,3,4,7,3,2,10,6,11,4,17,6,3,25,5,1,38,4,9,18,5,11,4,5,16,6,1,11,2,2,21,4,3,8,17,12,13,30,3,4,32,11,18,19
908149,3,5,2,3,5,0,0,7,1,1,8,1,6,12,12,2,3,18,1,3,32,8,5,10,4,6,1,6,10,1,1,8,2,4,18,4,2,7,13,5,5,18,2,7,47,2,2,14,2,7,1,4,4,1,4,4,1,0,6,1,5,0,11,2,0,13,3,1,48,0,2,10,2,7,3,3,5,1,0,5,1,1,6,1,1,4,7,5,5,14,2,3,20,3,6,16
909729,10,16,8,1,15,1,2,14,6,3,22,6,10,6,29,14,6,25,4,1,61,4,8,25,8,17,2,2,10,7,8,20,5,6,32,5,12,6,16,11,11,26,5,2,64,5,10,20,4,13,3,2,5,2,5,13,6,3,13,8,14,6,26,8,4,18,3,0,48,6,2,20,4,8,3,2,12,2,0,13,4,2,23,6,10,5,15,10,8,28,2,1,47,11,17,25
909905,6,15,3,3,14,3,4,16,3,3,30,6,11,8,25,8,5,22,5,1,95,2,7,24,4,14,3,3,14,2,4,24,5,5,38,3,10,5,25,4,12,24,3,3,76,5,11,27,5,9,2,3,6,3,3,6,3,3,7,3,7,3,22,8,6,21,2,2,51,5,5,17,2,18,3,2,10,2,3,6,0,0,23,1,4,4,20,6,13,23,5,2,56,9,11,20
905982,3,7,0,2,9,2,2,6,1,1,9,1,7,6,15,7,4,21,1,4,57,2,11,9,5,8,4,5,8,1,0,23,4,1,27,4,1,2,17,8,5,18,2,3,56,3,9,15,2,11,0,2,5,3,1,7,3,1,8,0,3,3,14,3,1,14,3,0,39,3,5,14,0,13,1,1,6,3,0,9,1,0,9,2,3,5,12,3,4,13,0,1,34,3,6,12
905984,2,5,0,1,9,2,4,8,3,2,19,1,4,3,11,5,4,14,3,4,49,3,7,9,3,5,0,4,8,3,5,14,4,5,26,4,4,3,13,5,5,16,2,4,57,3,5,23,2,8,2,1,4,2,0,4,1,0,10,2,7,0,5,3,1,13,6,2,35,3,3,9,3,10,4,2,2,0,2,3,1,0,12,4,2,4,11,2,6,13,2,2,25,3,9,16
905986,6,6,2,2,5,5,3,9,3,1,9,3,3,3,22,8,2,12,4,1,42,2,4,11,4,6,3,2,7,0,4,18,5,6,22,0,4,8,11,5,8,17,2,3,42,4,7,22,2,6,3,0,3,3,4,7,2,0,1,2,1,0,12,2,2,16,3,2,36,2,3,12,1,10,1,3,4,0,0,1,0,1,11,5,0,5,10,5,3,14,0,2,42,4,7,5
908449,3,7,1,1,10,3,2,7,1,0,27,3,9,5,17,8,3,16,2,1,47,2,8,13,3,7,3,6,14,2,3,9,7,4,18,4,9,4,20,8,6,25,5,2,55,6,11,23,7,9,2,0,5,2,1,0,3,1,8,6,4,3,15,4,8,16,2,2,43,3,4,28,1,6,1,1,8,1,2,4,0,2,13,0,4,7,16,5,4,8,0,2,33,6,10,14
907313,8,18,8,4,9,3,3,12,5,3,31,6,10,6,29,9,8,22,2,2,61,3,5,27,3,9,3,6,13,2,10,16,4,4,38,5,8,8,26,5,9,23,6,5,70,9,12,29,6,12,2,3,7,0,4,9,1,2,12,9,10,2,20,9,4,17,1,4,48,3,5,18,5,12,4,2,13,0,1,5,0,1,22,3,11,7,14,6,10,21,1,1,44,12,17,21
907279,5,14,3,1,16,5,7,16,3,3,22,4,11,15,44,9,3,26,4,3,95,4,7,26,9,6,1,10,18,2,6,29,2,8,40,4,7,13,29,10,13,22,5,5,98,4,9,35,3,10,2,1,5,6,6,11,2,1,13,2,6,5,17,13,4,24,4,2,57,1,0,25,6,17,7,2,17,3,3,9,1,5,43,5,7,9,25,6,12,26,4,2,55,10,10,23
907271,8,16,4,4,8,3,5,7,1,1,24,2,4,8,22,12,4,19,3,5,68,4,4,19,4,9,4,6,10,3,5,17,2,4,35,4,3,6,20,4,10,19,3,6,54,4,8,27,3,9,3,2,4,4,3,10,0,1,10,4,5,3,13,3,2,19,4,1,40,3,3,15,1,10,0,1,6,1,1,5,0,1,26,1,8,5,17,4,5,16,5,1,41,5,5,23
906871,7,12,1,2,12,4,10,15,0,2,16,3,4,5,17,7,4,8,0,1,51,6,9,12,3,7,1,4,9,1,3,9,4,1,31,2,7,8,17,3,7,20,4,4,47,5,9,17,2,11,0,3,5,3,2,8,1,2,7,5,4,7,8,4,4,12,2,1,43,2,4,16,1,13,1,2,6,1,2,7,1,0,11,3,1,8,13,3,6,10,4,4,29,7,15,16
687568,6,22,3,5,8,5,4,18,2,6,32,5,13,8,29,9,6,19,5,2,76,8,7,26,13,7,3,9,17,2,6,28,9,4,39,2,6,6,34,7,3,32,5,7,90,6,10,24,8,14,4,2,6,2,7,5,5,2,9,4,7,4,13,8,8,9,6,1,67,3,5,21,3,13,5,2,10,2,1,11,2,1,27,0,10,7,34,8,12,37,2,1,45,10,14,24
946373,8,11,1,4,4,0,0,8,1,3,7,1,6,11,17,6,3,16,1,1,61,5,6,10,4,4,0,5,9,5,8,16,7,4,20,5,2,4,9,2,4,15,4,2,37,3,7,18,0,1,2,1,5,3,2,3,1,0,7,8,4,3,17,6,0,15,5,1,27,3,3,8,1,8,3,0,6,1,2,10,2,4,21,2,1,1,9,3,3,22,0,2,24,8,10,14
946370,1,8,4,2,10,2,2,7,2,0,12,1,4,2,19,5,1,17,2,3,49,4,1,9,1,10,2,5,4,2,4,12,1,3,23,5,3,11,16,6,7,22,3,6,54,6,6,20,5,6,0,3,3,4,3,5,2,1,8,3,2,1,15,4,3,20,1,3,39,1,2,16,2,7,1,2,11,0,0,4,0,4,11,2,3,4,4,5,3,26,2,1,35,3,8,13
946369,3,14,0,3,6,3,6,16,0,1,8,2,10,9,26,7,2,13,4,1,70,0,2,17,3,8,4,3,13,2,7,16,1,8,20,6,6,4,20,12,7,22,2,5,58,4,8,23,4,8,4,1,7,1,5,7,2,1,11,5,4,4,15,7,6,24,4,0,35,5,5,14,1,6,3,0,8,1,1,7,1,1,22,5,6,6,17,6,4,31,0,1,40,6,12,19
946368,4,16,6,2,15,4,1,20,0,3,24,4,12,8,22,4,6,18,5,5,66,2,3,20,3,9,3,7,11,2,4,19,5,3,25,2,3,5,16,10,10,23,3,3,49,5,7,23,7,7,5,3,4,2,2,5,1,3,7,8,4,5,17,8,8,18,2,2,35,2,3,23,4,9,5,2,8,1,1,9,0,3,27,0,2,8,11,6,6,17,0,3,34,7,14,12
946367,2,14,2,1,8,1,0,9,0,6,13,3,5,4,17,4,3,19,3,4,62,3,5,9,2,6,0,4,7,1,2,14,3,3,21,5,5,3,17,8,7,32,2,7,52,5,5,17,4,6,1,2,5,1,2,6,3,2,7,3,2,3,8,1,2,11,2,4,36,1,0,13,3,9,0,0,6,2,1,6,0,2,9,5,3,0,6,2,2,15,4,1,25,5,7,8
910943,7,13,4,0,13,1,5,14,7,3,18,2,9,5,25,11,2,22,7,3,73,4,2,17,6,6,0,4,8,1,7,17,4,4,28,3,10,2,19,6,12,23,9,4,61,6,6,27,7,11,3,1,4,5,2,12,4,4,17,9,11,2,22,3,4,17,3,0,51,4,6,23,4,9,4,1,9,1,1,14,2,5,26,1,7,5,18,6,4,22,4,3,42,7,8,23
906746,10,8,1,1,12,0,4,4,2,2,21,4,8,5,31,7,8,26,2,6,56,4,8,18,3,9,3,2,15,3,6,17,6,7,30,3,6,9,15,8,16,24,6,4,72,7,9,26,5,9,2,0,8,2,1,10,0,3,9,5,7,5,20,4,5,17,3,1,50,7,6,12,1,8,2,2,10,1,2,9,2,0,28,0,7,4,18,5,5,22,7,4,31,12,10,21
910933,4,12,7,2,11,0,3,11,6,1,18,1,8,9,18,8,4,17,0,3,45,3,8,14,3,4,2,4,8,2,4,15,6,2,21,0,12,4,14,5,10,20,5,4,61,7,10,22,7,5,2,6,6,4,6,9,0,3,6,8,5,5,14,6,5,14,3,4,44,7,6,13,2,6,4,2,5,3,4,3,0,2,18,3,11,6,15,2,5,21,2,2,32,3,10,16
924188,12,26,5,2,19,4,9,16,2,3,32,4,4,12,38,12,9,25,3,6,87,7,7,22,7,8,4,6,17,3,6,18,6,3,38,6,6,11,20,8,13,20,3,5,70,6,10,22,10,13,1,1,4,2,4,17,1,4,12,6,8,6,17,9,6,14,4,4,47,5,8,19,5,13,4,2,4,3,2,7,2,2,28,4,5,8,25,12,8,23,4,9,49,15,17,19
908452,6,6,2,0,5,1,3,12,2,1,17,2,8,12,22,6,3,13,0,1,52,4,7,19,4,8,1,6,15,4,4,23,3,2,30,5,11,1,13,4,6,13,3,2,55,3,9,17,0,8,6,7,11,4,2,12,4,2,7,3,10,4,13,5,1,14,1,1,36,4,10,21,2,12,1,0,8,1,1,9,3,2,17,2,3,2,13,2,6,13,4,0,35,4,12,14
908450,7,14,1,2,6,1,4,10,0,1,16,1,4,6,11,7,8,11,2,0,45,5,6,12,2,9,1,3,9,1,5,19,4,1,17,6,5,3,17,4,8,14,4,1,42,3,5,13,2,8,1,3,8,2,2,7,2,0,4,4,4,3,11,5,0,14,1,1,40,3,2,12,0,9,5,0,4,1,2,4,1,0,12,0,6,4,14,3,3,16,3,4,28,2,10,16
753549,3,13,2,3,12,2,1,12,5,1,19,3,6,10,16,6,3,16,3,0,53,4,4,17,5,11,4,6,10,3,2,16,4,2,27,5,6,3,21,8,9,24,5,2,66,7,9,26,2,7,5,0,8,1,3,10,6,2,8,2,7,3,14,1,3,14,2,2,60,0,7,23,4,10,2,4,5,0,3,5,1,1,27,0,9,1,17,5,6,13,3,1,46,6,12,11
907282,7,27,3,4,14,3,4,14,1,2,23,3,9,5,26,10,10,26,4,1,68,6,8,23,5,8,1,1,18,4,7,30,8,6,38,11,8,6,25,9,13,37,4,4,75,7,5,31,2,13,3,5,8,2,4,15,1,2,7,7,6,2,11,5,6,29,8,1,56,7,4,24,5,9,4,1,16,4,2,12,0,1,25,1,4,3,17,5,6,19,2,4,53,6,13,18
687562,2,14,5,2,12,1,1,8,5,3,10,4,4,2,25,5,2,19,0,2,28,2,3,11,4,6,0,5,12,0,3,14,3,3,15,4,9,4,17,5,7,19,0,3,43,2,9,18,3,7,0,1,4,2,1,7,2,0,3,3,3,8,9,1,1,11,4,1,35,2,2,15,1,9,3,0,6,5,0,5,1,0,15,1,6,4,8,2,3,20,0,2,23,5,9,12
946359,3,9,3,1,6,2,1,11,3,0,19,2,3,7,23,11,3,14,2,4,46,5,1,9,4,8,3,1,2,1,6,16,2,3,28,5,9,5,21,7,10,21,7,4,44,3,11,20,1,8,2,1,6,1,2,7,1,0,8,3,5,9,22,7,4,15,3,0,24,4,3,19,3,7,3,0,8,0,3,7,3,2,20,3,28,90,113,13,23,50,5,8,44,16,127,71
924106,3,16,3,4,12,5,4,21,3,3,23,3,9,7,24,7,3,21,3,1,49,4,9,18,4,6,1,1,14,4,5,15,3,7,31,5,4,6,18,7,9,23,3,1,65,4,12,20,3,7,1,0,4,3,4,6,1,3,12,6,5,7,18,10,2,23,6,2,49,8,5,21,3,10,5,2,7,5,1,4,0,1,26,7,18,39,105,8,22,57,3,8,52,9,55,55
910852,1,14,5,1,12,3,6,15,2,3,24,3,7,7,25,7,4,15,4,2,78,6,7,18,8,10,3,5,10,3,9,15,5,2,41,4,7,8,17,9,9,22,1,6,60,9,13,17,9,8,3,1,10,3,3,11,3,2,11,7,5,7,13,8,5,25,3,1,49,1,10,24,4,6,4,1,14,0,1,10,0,1,28,5,6,5,14,4,14,30,3,5,35,3,16,20
906851,11,11,2,6,8,2,7,14,3,3,25,3,14,6,22,7,7,17,2,1,43,11,7,14,6,14,1,3,12,3,5,14,2,6,21,4,6,3,10,3,7,20,2,4,59,10,10,26,6,9,1,2,4,3,3,6,6,3,9,5,8,6,14,6,7,18,2,2,38,1,1,12,4,6,3,2,6,2,3,8,0,0,17,2,11,9,19,7,8,34,4,3,36,9,7,20
949092,3,10,8,1,12,3,1,12,1,2,20,6,7,5,30,11,2,29,2,4,38,5,4,23,4,10,2,5,13,3,8,18,1,1,24,5,10,3,50,5,6,113,2,1,64,6,8,85,5,9,6,3,8,2,0,6,5,1,6,3,2,0,17,9,0,24,0,3,46,3,3,25,8,16,4,1,10,3,2,13,1,3,15,2,4,7,48,12,4,163,0,4,62,8,9,66
907047,12,49,11,10,36,6,9,39,9,8,77,13,31,22,56,21,16,45,8,7,200,15,20,57,16,43,8,19,53,10,27,66,10,10,100,13,11,19,52,14,32,64,11,10,223,18,24,63,8,33,7,8,20,4,13,24,6,5,31,14,17,11,54,22,20,56,10,8,144,7,11,48,8,33,9,3,23,2,2,23,3,8,79,5,22,15,56,14,23,56,7,12,100,19,42,62
906841,5,18,7,1,15,4,4,10,2,3,30,1,13,9,32,15,3,17,3,0,57,2,7,25,7,6,4,6,16,4,9,20,7,4,36,7,5,8,19,12,9,33,3,4,79,11,15,37,5,15,3,2,6,1,6,7,2,1,9,4,10,3,16,4,6,29,2,0,51,2,5,21,3,5,2,4,5,3,2,11,1,2,20,5,7,49,56,9,20,29,6,5,49,8,60,35
907058,7,9,1,0,8,0,5,4,2,0,10,1,9,6,13,5,2,19,2,1,46,2,4,17,4,8,0,2,19,2,3,16,5,5,27,7,10,6,15,8,7,19,2,6,55,10,6,5,5,4,1,2,4,1,3,8,9,1,4,3,8,5,14,8,8,16,3,4,36,5,5,12,1,4,2,2,5,1,0,12,1,1,15,2,6,2,12,6,9,10,2,0,36,12,8,9
907067,2,5,4,2,9,0,2,6,2,1,6,2,5,1,13,2,5,12,2,1,25,1,5,7,3,7,1,4,6,3,2,7,3,1,16,0,3,4,7,2,3,17,0,0,45,2,4,16,2,3,3,0,4,0,1,4,0,0,4,1,2,5,12,1,4,9,1,0,16,2,2,10,2,5,1,0,8,0,1,5,2,1,6,1,0,4,10,2,8,23,0,0,19,1,3,10
907172,7,14,2,3,13,1,2,16,0,2,18,1,11,10,19,8,4,16,2,0,51,2,5,14,5,20,3,7,12,2,4,13,6,4,31,1,4,8,21,5,4,37,4,1,75,2,3,40,5,8,4,0,6,2,2,4,1,2,11,3,10,5,13,7,7,17,3,3,37,2,10,13,3,8,1,2,10,0,2,4,1,4,23,3,5,5,29,3,5,78,2,2,54,4,7,32
905960,2,4,1,1,8,2,2,10,2,2,12,2,9,4,10,4,3,9,2,0,26,5,3,12,2,2,1,1,12,0,5,12,4,0,15,3,8,1,10,5,10,18,1,4,33,4,3,21,2,7,2,1,2,1,2,1,5,2,4,3,2,6,8,5,2,18,5,3,23,5,2,13,3,11,5,0,4,1,1,1,2,0,14,3,6,3,14,7,7,21,0,2,26,7,13,8
905974,7,10,4,4,7,1,3,17,1,2,23,3,7,7,22,7,4,26,1,3,54,1,4,25,3,14,3,4,11,5,8,10,3,2,37,4,6,7,32,3,5,56,0,2,74,9,3,45,3,3,0,0,6,1,2,5,3,0,10,0,4,7,9,8,6,23,3,1,38,4,7,18,3,12,2,5,4,0,2,12,0,2,20,1,3,5,52,4,7,98,3,4,54,15,8,29
905975,25,23,35,5,17,7,7,27,11,2,22,6,10,7,25,11,3,46,3,4,66,5,7,26,2,11,10,6,9,8,10,15,6,7,26,3,10,4,83,5,15,135,5,5,66,9,8,129,12,18,9,2,5,3,9,9,5,3,8,3,6,9,16,5,1,36,3,5,39,1,3,35,6,17,7,2,9,4,2,8,2,1,32,4,6,7,116,6,13,247,4,2,144,8,10,102
908121,4,10,2,2,5,0,2,8,1,1,11,3,8,5,21,4,2,12,2,2,43,4,3,8,0,4,0,1,4,2,2,8,3,2,11,2,13,7,9,7,5,15,1,2,38,5,7,14,0,5,0,0,5,1,1,7,0,0,6,1,0,3,14,3,3,10,0,3,30,6,2,16,5,5,1,3,1,2,2,5,2,1,9,2,18,52,106,15,14,35,4,6,37,19,78,60
908122,8,17,4,3,14,4,5,12,1,2,35,6,9,10,47,6,5,27,2,1,66,3,9,22,3,9,1,2,9,2,2,16,1,8,23,5,9,3,20,9,10,28,3,7,53,5,8,26,4,14,3,0,7,3,6,9,4,3,11,6,6,10,15,4,2,20,2,5,43,4,3,15,6,13,4,0,10,1,3,10,2,3,22,2,19,51,130,12,21,72,2,4,57,18,76,88
909256,5,12,4,4,13,2,2,12,3,2,15,4,2,2,28,7,8,18,3,3,67,3,8,15,1,19,1,1,15,4,9,31,2,3,33,2,10,5,18,7,6,23,3,2,68,10,8,21,5,13,3,0,5,5,4,8,2,0,13,8,4,6,16,2,6,22,5,4,47,7,3,21,1,9,1,3,9,3,3,8,1,1,25,2,6,11,25,10,6,20,1,3,40,6,28,23
909778,5,9,5,2,7,2,1,10,0,1,18,5,5,5,17,6,4,17,2,0,41,3,1,14,0,9,1,0,7,2,2,18,3,2,21,1,5,6,12,5,7,23,3,3,52,3,4,14,5,9,1,0,5,0,2,5,4,2,12,2,3,1,10,6,9,8,3,1,34,2,6,9,2,6,1,1,3,0,0,9,0,3,9,1,4,13,25,4,8,25,1,3,29,6,19,13
925339,6,12,4,5,8,5,7,12,0,6,23,3,11,5,25,11,8,19,2,4,59,1,8,11,4,14,1,6,9,6,6,15,2,4,23,4,12,5,19,7,9,25,3,2,75,8,13,25,1,9,3,4,12,1,3,8,4,2,7,3,9,2,16,1,8,19,4,2,58,6,7,21,1,16,2,1,6,2,1,8,2,1,23,3,7,6,13,7,2,29,1,1,36,1,8,19
909907,15,47,13,10,43,10,18,43,8,5,84,12,27,28,92,30,13,72,12,13,211,11,12,64,15,36,5,18,67,8,19,87,13,17,100,12,24,21,74,17,39,95,16,15,249,23,31,91,10,29,8,11,25,5,18,39,10,6,35,11,27,16,45,17,22,47,15,6,144,13,12,69,11,30,15,6,30,6,3,30,6,9,68,10,16,22,73,20,30,86,4,13,116,16,56,71
909713,11,17,3,6,12,1,6,9,3,6,19,5,12,4,32,8,4,25,5,2,47,3,5,14,3,10,1,5,13,4,2,16,1,5,40,3,6,8,27,11,15,45,3,5,79,5,9,26,5,12,4,2,7,4,1,12,2,1,6,5,4,1,17,5,4,25,5,0,52,3,5,12,2,9,1,1,5,2,5,5,3,1,29,2,4,9,34,7,6,59,0,5,58,8,13,28
909726,10,15,2,0,8,2,3,14,0,5,18,3,11,4,26,9,1,16,2,2,44,4,2,25,5,11,1,3,9,3,3,10,4,3,24,2,6,2,30,7,4,51,0,1,54,7,10,39,3,9,4,0,5,3,4,2,2,1,4,1,3,3,10,4,5,17,2,2,25,0,3,10,3,9,2,2,12,2,0,9,0,0,19,1,3,3,34,4,9,96,2,4,46,8,9,26
1290906,4,11,5,4,4,2,9,8,2,0,13,1,10,6,13,7,3,6,3,2,30,3,7,11,5,6,5,5,10,2,2,15,6,3,16,3,10,3,11,7,2,14,1,4,48,1,8,14,3,11,2,0,3,2,3,7,4,2,8,2,6,2,10,2,1,16,3,0,33,3,2,15,3,9,1,3,5,0,2,3,4,0,9,2,13,19,21,7,7,27,0,2,31,2,26,20
905977,8,8,2,0,11,2,3,9,2,0,19,5,5,5,12,9,7,19,3,2,41,4,9,22,4,6,2,4,7,4,3,13,3,3,19,2,3,4,23,8,4,37,1,4,44,2,6,38,4,10,1,2,4,2,3,6,6,1,10,6,8,6,8,2,1,15,4,1,26,2,2,15,3,10,5,1,8,2,0,11,2,0,23,2,3,5,29,7,3,60,5,3,28,2,7,32
949093,4,7,3,5,12,2,4,12,3,3,18,6,8,6,21,5,8,8,1,3,55,2,7,21,3,11,2,5,11,4,4,20,2,7,39,3,8,10,21,7,7,15,2,7,51,4,4,21,7,8,1,1,5,3,4,7,0,2,10,4,7,10,12,7,8,19,2,3,51,2,6,19,1,10,4,1,7,1,2,4,0,3,22,2,14,16,43,9,5,35,2,3,45,5,29,29
905976,10,13,2,3,12,1,5,10,2,1,22,1,9,6,20,5,3,22,2,1,56,1,10,16,3,14,2,7,9,4,4,21,1,4,23,3,7,4,33,5,12,38,4,4,65,4,4,31,1,8,2,4,7,2,4,10,2,3,4,3,5,2,13,7,3,15,6,2,29,2,0,17,1,10,2,1,13,1,0,7,2,1,18,5,3,1,35,4,5,75,1,2,40,3,15,42
1290798,7,12,3,0,8,2,4,8,0,1,14,2,10,2,19,6,6,17,2,1,41,2,2,11,3,7,4,4,7,6,4,25,3,4,17,4,8,4,17,1,6,19,4,3,44,5,5,10,2,10,1,1,2,3,2,4,3,2,6,6,10,8,12,5,6,13,0,2,26,4,5,14,0,4,2,1,6,2,1,4,1,2,15,2,6,5,11,6,4,23,3,1,34,6,7,13
930301,10,14,7,1,6,4,4,18,5,1,17,5,8,11,31,15,3,27,4,4,73,2,0,17,5,9,3,12,12,2,4,21,5,2,37,3,4,6,28,11,13,39,3,1,95,7,5,34,6,10,0,1,11,9,5,13,2,0,10,4,10,5,14,9,5,25,10,5,36,4,5,24,4,7,5,3,12,3,1,15,5,1,22,4,5,5,33,9,4,53,1,3,56,8,8,34
753579,3,5,6,1,8,2,3,15,5,2,18,2,3,4,21,10,5,26,3,1,50,2,5,22,5,13,2,5,6,1,2,20,6,1,26,2,10,8,28,10,7,59,2,1,60,5,6,51,6,11,2,2,4,4,5,6,2,3,9,3,4,1,15,4,5,15,3,6,44,1,2,15,3,9,2,2,5,2,2,8,0,1,16,6,4,4,34,8,7,100,3,2,64,5,12,31
910948,3,11,1,1,6,0,3,7,1,3,17,1,4,1,21,7,4,12,2,3,66,7,3,13,0,5,2,3,7,2,7,14,2,1,31,3,3,2,10,4,7,16,2,3,48,9,8,15,4,4,1,2,2,4,4,6,3,0,7,3,5,3,10,8,1,15,1,3,22,2,3,17,1,7,4,1,4,2,2,3,1,1,11,3,11,14,21,4,16,13,5,1,23,8,20,23
753546,7,7,8,3,7,3,4,15,5,1,20,4,8,6,33,13,3,59,3,5,52,2,3,40,7,6,1,7,14,3,7,20,3,11,35,2,7,4,51,4,5,104,5,1,82,7,3,96,3,9,1,1,6,3,6,12,3,3,11,4,4,1,15,9,7,40,7,6,42,5,5,27,0,11,4,1,4,0,2,10,2,2,20,4,9,7,97,2,6,201,2,4,72,11,11,98
753596,5,20,10,2,23,4,5,15,1,6,26,4,4,7,67,11,6,208,1,1,52,3,7,160,5,8,2,4,23,1,5,26,4,7,28,9,10,10,76,7,8,372,3,6,87,7,4,209,7,9,5,0,10,2,4,10,1,4,12,7,6,5,51,7,7,244,5,2,62,11,6,105,1,13,5,3,12,2,4,13,0,2,18,6,4,6,109,5,6,386,1,1,55,6,18,243
910927,6,16,3,4,11,2,4,15,1,5,21,6,8,9,27,12,1,29,3,3,68,3,0,28,6,18,2,2,21,5,3,29,6,3,36,3,13,8,18,13,12,29,7,0,92,21,4,23,6,16,3,1,7,4,6,16,4,0,11,5,6,2,34,8,4,42,4,2,70,7,6,35,2,11,5,2,10,0,3,8,2,4,21,4,4,7,14,6,5,28,2,1,35,13,13,26
971777,11,8,3,2,6,5,7,4,3,0,11,3,4,4,25,7,4,19,4,1,52,2,8,12,3,5,2,5,6,3,2,14,3,1,19,2,6,7,30,7,9,40,3,2,49,5,8,41,4,8,5,3,6,1,5,7,1,1,4,2,1,4,15,5,5,23,3,1,56,1,7,21,6,6,5,2,4,0,2,9,3,1,8,2,2,2,24,5,4,59,2,1,50,7,12,24
906812,26,60,15,7,40,5,21,33,11,6,91,12,29,16,72,20,11,59,14,7,191,13,20,62,21,27,5,10,44,14,11,72,10,9,79,17,14,14,58,11,25,72,14,11,203,13,16,83,9,20,7,6,21,6,5,29,5,6,26,12,23,14,50,12,20,54,10,3,145,6,11,79,12,34,19,5,31,3,4,33,6,4,92,7,18,18,48,8,21,51,7,3,96,19,32,52
1299078,1,16,1,3,11,4,4,13,2,0,15,1,10,8,29,9,1,20,2,3,45,1,6,21,2,7,2,5,10,3,6,21,3,7,26,3,8,2,16,11,10,24,2,3,61,5,9,26,4,5,1,2,8,3,2,5,2,1,9,2,7,2,16,6,4,18,6,1,39,5,2,19,3,3,2,0,9,2,1,10,2,0,22,3,5,8,22,3,4,32,1,5,34,17,10,12
1299080,5,9,1,1,8,1,2,4,3,1,13,1,5,6,14,8,3,15,1,2,38,2,2,11,3,5,2,2,8,1,5,7,3,1,11,2,9,5,18,6,7,31,3,1,52,0,4,18,2,3,0,1,5,1,2,4,0,3,5,1,4,3,13,4,1,10,1,6,30,5,3,10,1,6,3,1,5,2,4,3,0,1,10,1,7,2,15,4,4,41,0,2,34,4,6,20
1303900,23,50,12,5,50,4,21,67,13,10,87,12,36,22,94,31,17,84,13,11,227,19,19,71,21,51,4,24,60,11,26,96,13,20,118,16,26,24,72,22,37,104,9,11,220,13,28,106,19,45,7,7,39,9,19,38,13,8,43,13,28,16,51,17,28,68,11,6,192,13,24,83,7,36,7,5,36,7,3,26,3,12,81,15,12,14,68,23,25,81,6,7,139,15,34,51
1290905,3,16,1,2,13,2,5,14,1,3,19,0,9,11,22,12,4,32,10,3,61,3,5,14,1,8,0,9,4,3,4,19,4,0,23,1,12,11,26,11,4,32,4,5,51,6,5,12,6,8,1,2,6,2,2,11,3,0,8,5,4,4,11,5,4,17,7,2,49,2,7,21,3,10,3,4,5,2,2,8,0,3,13,4,7,13,26,5,11,25,6,7,35,9,26,16
1240153,5,10,5,6,4,0,5,8,4,2,15,1,6,2,11,8,2,27,1,1,48,2,4,10,2,6,0,8,7,6,2,12,4,1,16,3,7,3,34,6,9,34,2,5,57,7,5,29,0,3,1,1,0,0,2,6,3,3,11,0,5,3,14,6,7,17,3,2,35,3,2,12,2,12,0,3,13,2,2,2,0,2,8,3,4,6,35,8,4,82,2,1,43,8,9,26
1290922,1,10,9,4,8,3,3,7,2,3,13,2,7,5,17,6,2,9,1,1,32,2,2,4,5,1,3,3,5,3,2,8,2,1,19,2,4,6,12,4,6,12,2,3,42,1,7,14,2,5,1,1,3,2,2,2,1,1,6,4,2,1,10,2,2,9,3,2,32,3,1,17,7,2,0,2,5,0,0,4,1,2,10,3,10,17,11,4,4,12,2,4,23,6,21,11
1240130,4,4,1,1,5,0,4,7,3,2,9,2,3,6,30,3,2,24,0,1,41,1,4,16,0,4,1,8,5,1,4,7,6,0,18,8,5,3,28,6,4,29,4,1,37,6,2,19,2,5,2,1,3,1,2,6,4,0,6,1,2,1,15,8,3,15,3,1,33,3,2,13,2,7,2,4,6,3,2,2,0,4,13,1,5,3,24,9,3,47,2,0,24,3,7,33
1240226,7,8,3,5,12,3,2,10,3,3,11,7,9,4,17,6,4,18,1,1,46,4,6,16,3,7,3,4,12,1,3,16,3,2,34,4,6,6,22,1,9,30,5,2,55,1,7,32,5,14,1,2,5,1,3,5,2,0,6,7,6,3,18,4,4,20,5,4,35,7,2,16,3,10,4,0,10,2,1,14,0,2,18,1,11,11,26,3,3,56,2,1,34,10,8,19
909706,6,13,1,0,9,4,4,13,1,3,21,1,8,5,12,3,3,20,0,2,42,1,7,10,7,7,3,3,8,4,2,13,1,4,17,3,5,9,15,9,7,38,8,2,68,4,3,29,2,7,1,0,7,2,7,9,3,0,5,1,5,4,8,5,3,16,5,0,34,1,2,14,3,8,2,0,12,0,1,10,2,0,9,3,5,4,33,2,8,69,2,2,38,5,11,32
906862,7,8,2,3,14,6,5,12,5,2,19,3,9,12,20,7,7,15,3,4,44,4,6,7,2,8,1,6,14,3,1,10,5,1,15,7,8,4,15,10,13,23,3,5,52,3,8,27,2,15,3,1,10,4,5,8,5,0,6,5,6,8,20,9,3,22,4,1,43,6,6,13,3,11,5,1,7,0,1,9,0,2,18,2,10,33,40,9,11,34,1,5,28,12,38,35
907169,4,14,6,1,13,3,3,13,5,1,15,6,10,3,18,7,5,40,7,2,53,5,7,21,6,10,3,7,15,4,5,16,3,3,28,3,8,2,59,11,4,118,4,7,67,4,10,79,2,6,1,0,6,4,2,10,4,2,5,1,4,4,10,8,8,36,4,1,37,2,6,27,1,13,2,1,5,4,2,5,4,1,16,4,5,4,88,5,4,239,0,4,91,8,10,69
906844,5,10,3,4,13,4,6,14,1,4,20,2,4,3,32,10,1,22,3,3,75,5,4,15,6,14,3,6,9,1,3,21,1,2,32,3,5,4,20,6,11,25,3,3,81,7,3,20,6,6,1,0,6,1,5,11,3,1,9,4,9,2,10,6,4,16,5,4,51,4,5,9,2,10,2,1,5,1,1,9,1,2,12,1,8,7,15,6,6,31,2,3,33,7,6,16
1303911,4,4,3,3,9,2,6,9,1,3,24,2,9,3,17,1,6,6,3,1,38,5,6,14,3,8,0,10,4,0,3,13,2,1,19,1,3,2,8,9,6,14,3,4,44,3,8,20,3,5,1,2,4,1,1,8,3,5,5,2,6,3,13,4,5,9,3,5,40,1,3,12,0,9,2,3,5,0,1,5,1,0,16,4,6,5,21,3,2,22,0,3,33,3,9,16
753581,7,7,2,2,11,0,3,10,2,1,18,4,6,4,22,6,4,13,1,5,58,4,6,14,4,9,1,9,8,3,4,20,3,1,22,5,7,7,14,5,6,23,4,1,43,3,7,23,5,9,2,0,4,2,5,11,2,1,11,3,8,4,9,10,4,19,4,4,42,3,4,17,2,7,7,2,7,2,2,7,0,2,17,3,6,3,15,6,6,32,3,1,37,4,9,21
910903,3,15,5,1,13,1,3,11,0,3,21,3,2,4,22,6,2,19,1,2,67,3,5,18,3,5,3,7,11,1,8,14,4,7,28,3,5,5,15,5,6,36,4,2,59,7,4,27,3,10,1,2,8,0,3,6,2,0,3,5,2,3,25,6,6,15,6,5,32,5,3,14,7,11,3,3,2,2,1,8,0,0,13,6,0,4,23,3,5,50,1,2,46,5,7,23
911905,5,10,2,3,3,2,2,8,2,4,19,4,7,9,14,7,2,11,3,6,43,2,7,16,3,9,2,15,9,4,5,11,5,1,18,4,10,3,11,12,2,16,6,8,50,2,10,18,4,1,2,2,2,2,3,10,1,2,11,3,7,4,8,3,0,14,2,3,34,2,1,13,2,4,4,3,7,1,0,5,1,1,14,2,7,9,13,10,5,27,2,5,25,8,9,17
906852,8,18,12,3,18,3,5,18,1,6,25,14,9,11,53,10,2,32,2,1,183,10,8,22,5,15,2,29,17,6,7,32,6,6,39,6,10,10,28,15,18,23,9,7,145,33,8,34,3,13,5,4,18,2,4,18,11,2,15,6,3,7,50,9,8,51,8,2,144,11,9,49,2,8,7,6,31,3,2,12,1,2,27,5,6,5,20,8,8,40,2,2,91,15,13,28
905968,14,30,13,7,24,4,6,23,4,4,27,11,12,3,34,11,4,49,2,0,122,6,6,22,4,18,1,6,26,7,3,46,3,7,41,2,13,7,23,30,6,44,8,6,147,58,8,32,2,24,3,7,20,5,6,12,7,3,20,7,3,4,41,7,4,64,4,3,159,24,6,54,2,20,7,0,19,4,0,21,0,2,27,6,5,6,35,7,6,21,3,4,83,12,5,22
924186,7,10,3,2,14,5,5,19,2,2,30,4,11,12,22,10,3,28,6,3,77,4,7,17,5,9,2,5,26,1,10,16,3,3,41,8,16,1,22,15,11,28,5,1,69,4,11,23,7,9,0,4,13,6,3,10,4,5,13,6,10,2,18,14,7,17,1,4,57,3,3,16,3,9,6,2,3,3,3,11,1,0,24,1,7,4,20,8,7,19,0,6,58,7,12,15
909975,7,14,3,2,14,1,3,9,0,2,25,5,4,6,27,9,5,8,4,2,63,4,4,17,4,14,2,10,16,2,6,27,5,4,28,4,10,8,22,7,16,14,7,8,60,7,3,24,7,10,2,1,5,2,3,13,1,4,8,8,5,3,23,10,3,17,4,1,46,10,6,13,3,10,4,3,3,3,3,8,3,1,28,1,4,9,11,4,8,21,2,2,40,6,14,12
946360,4,7,0,4,10,3,1,8,2,2,14,3,6,6,20,8,3,6,3,1,30,3,5,10,3,5,1,13,10,1,2,17,2,0,28,3,8,7,26,7,6,20,4,1,52,8,10,17,3,5,0,2,2,3,2,10,4,0,7,2,7,1,11,18,2,19,6,1,41,6,2,9,0,8,4,1,8,0,1,7,1,1,13,1,6,6,10,12,6,20,4,1,24,7,7,21
905990,3,8,4,3,11,4,5,8,1,1,17,3,2,8,19,9,3,17,2,2,44,4,7,15,4,5,1,11,9,2,5,16,0,5,23,2,43,8,12,51,12,23,14,1,46,49,5,28,5,11,1,1,7,0,5,9,1,2,10,1,5,4,10,13,2,21,3,3,34,4,7,21,1,10,2,2,10,0,1,6,2,1,16,1,11,4,15,8,4,23,1,1,30,7,16,16
905991,2,10,3,3,8,1,2,8,2,0,15,1,3,3,9,5,5,13,2,4,31,3,6,10,3,4,2,14,9,3,1,21,1,3,14,5,8,5,12,5,4,17,3,3,40,7,6,12,2,4,2,1,8,4,1,9,2,1,10,1,4,2,6,7,2,14,2,1,33,7,3,9,1,3,5,4,5,1,2,1,1,4,13,0,5,6,10,8,4,15,4,1,28,6,5,17
909699,7,18,5,1,13,3,6,13,4,0,21,4,5,5,24,8,3,16,3,6,60,5,5,16,4,8,1,11,12,2,2,15,5,2,29,3,5,5,22,12,4,26,4,4,63,9,9,13,3,5,6,4,10,0,3,10,4,1,12,3,9,2,15,7,6,20,4,1,45,5,4,18,2,15,5,1,12,2,3,9,2,4,26,2,11,3,14,10,6,12,2,3,32,8,11,20
905959,1,14,0,3,22,4,2,15,4,4,27,5,8,4,21,9,0,26,3,1,58,3,6,17,1,7,1,9,23,1,3,23,5,3,38,4,10,6,18,14,3,31,5,6,50,15,9,15,3,16,4,5,6,4,6,11,4,3,7,5,6,3,14,11,3,24,8,0,42,5,6,21,3,13,1,1,24,0,6,15,1,1,27,4,8,9,29,7,10,21,2,2,38,2,16,14
909753,2,4,0,3,3,1,0,9,1,0,14,3,1,0,14,3,1,7,2,0,28,2,1,4,1,6,0,6,5,1,3,9,2,1,12,0,8,3,6,7,7,10,3,1,32,4,3,9,2,3,0,0,4,1,1,9,2,0,4,2,2,1,6,3,1,7,0,1,31,5,4,12,0,6,2,1,4,0,2,5,0,1,4,3,3,0,7,2,3,13,1,2,15,3,1,15
1240200,5,17,2,0,13,3,4,8,3,2,27,1,12,5,23,6,4,13,2,1,62,7,3,20,4,9,0,7,15,7,4,20,0,3,30,4,12,6,19,3,13,20,4,3,61,6,6,26,3,7,2,3,10,1,7,12,4,2,12,6,12,5,13,7,7,18,2,5,49,5,3,19,4,10,2,2,9,2,2,2,1,0,27,1,13,9,18,8,7,17,2,0,31,22,11,19
1240199,3,11,1,1,10,1,6,15,2,4,22,2,8,4,20,7,5,21,1,0,73,5,4,14,2,5,1,7,13,3,4,11,5,6,25,6,16,4,19,7,11,27,5,5,55,6,5,22,6,7,1,2,3,3,4,7,2,0,5,1,13,3,11,4,8,11,4,4,44,8,4,14,0,8,2,0,5,1,1,7,1,0,24,3,3,2,15,10,6,21,1,2,30,6,15,17
1240129,6,13,3,1,9,0,3,13,2,2,28,4,11,2,23,5,3,10,3,2,52,7,5,15,4,8,4,9,13,2,3,19,6,2,19,4,15,5,26,10,6,19,7,3,62,5,6,27,3,6,0,2,2,4,5,12,3,1,7,6,10,4,12,6,5,14,2,6,32,7,3,11,2,10,3,0,13,1,1,10,2,1,28,1,5,3,10,10,6,16,0,1,35,8,6,15
1240128,5,9,4,2,9,4,4,16,2,6,18,3,13,1,23,5,2,19,3,2,41,8,5,19,5,6,2,5,7,1,4,11,1,8,18,0,14,6,27,12,9,31,3,3,52,15,6,23,3,6,2,3,6,2,3,4,1,1,5,3,15,4,14,6,4,14,5,2,34,5,5,18,3,10,7,0,11,2,1,10,2,2,19,3,2,3,35,6,7,60,2,2,55,5,8,40
1240198,11,16,1,3,13,3,2,13,4,0,25,7,10,7,25,14,2,22,6,3,63,6,5,17,3,11,2,8,13,2,7,23,3,3,37,4,8,9,18,6,12,24,5,0,59,4,9,25,7,14,3,5,6,3,3,2,8,2,9,8,10,5,17,6,3,17,4,4,46,4,5,22,3,8,3,1,3,1,4,8,1,2,34,1,10,5,25,6,8,15,4,3,39,6,15,21
905933,5,19,4,5,14,5,5,14,1,1,16,1,9,9,17,5,4,7,0,5,39,8,8,16,7,11,2,12,11,1,1,18,4,1,24,3,1,7,13,9,5,19,3,3,52,5,8,23,4,14,2,3,4,4,4,12,2,2,12,0,8,3,9,8,5,14,5,2,36,6,1,13,2,13,4,0,1,1,3,11,1,1,16,2,3,2,11,2,3,33,3,3,35,6,10,12
906825,10,10,5,3,6,4,3,8,2,3,21,2,7,4,29,3,5,11,2,2,62,6,2,14,11,12,4,22,13,1,2,19,5,5,17,1,11,3,16,19,11,18,3,8,61,9,5,19,4,9,1,3,5,4,5,9,2,1,12,1,8,4,13,8,4,14,4,7,42,6,4,16,4,7,2,4,10,3,3,11,3,0,20,3,8,5,14,8,7,24,1,3,29,9,11,20
909257,8,25,3,5,15,1,11,35,2,1,36,11,10,6,50,7,7,27,3,2,208,10,6,46,4,19,2,13,30,1,6,61,4,1,51,4,13,4,31,28,5,36,14,5,156,81,5,46,2,13,0,1,12,1,6,21,7,0,19,3,4,3,68,9,6,84,8,1,161,8,5,102,3,21,5,1,24,3,1,18,0,0,31,3,3,1,19,10,10,34,4,4,60,14,8,20
949156,9,13,5,4,17,3,7,21,2,6,23,4,14,5,34,13,7,15,1,0,78,0,10,23,6,11,4,7,21,2,9,32,2,8,43,9,10,8,27,12,5,29,3,3,76,2,14,32,5,12,4,1,5,4,3,13,6,1,14,2,6,3,23,6,3,21,0,1,56,6,5,24,4,7,6,2,9,4,0,9,1,3,26,10,5,5,29,14,12,30,1,1,44,6,15,17
684057,5,5,4,2,8,0,6,10,1,1,16,2,12,5,18,7,4,13,0,0,41,6,3,16,6,7,1,3,7,3,3,16,5,3,18,1,5,3,15,5,6,16,1,1,43,4,4,14,3,5,4,0,5,1,0,2,1,0,8,0,13,4,7,5,5,13,2,0,31,4,5,12,3,3,2,1,5,0,0,5,0,1,14,3,7,2,9,0,3,13,3,2,26,5,8,23
910554,39,141,26,23,63,41,64,156,16,22,104,127,15,18,283,29,7,182,3,2,256,48,8,164,7,123,6,25,140,23,19,163,9,8,143,18,95,6,111,105,14,139,31,12,227,452,12,154,8,77,18,16,39,95,11,76,30,3,52,73,16,8,270,39,20,363,17,2,316,100,12,233,4,105,23,5,99,34,6,77,5,3,96,34,21,6,81,43,12,90,8,2,122,124,15,79
949163,1,7,0,0,5,3,4,5,2,3,16,2,8,6,9,9,2,17,0,1,34,2,5,10,2,5,1,5,6,2,0,16,1,2,17,1,7,2,12,4,5,19,2,1,48,2,8,11,6,6,0,1,8,2,1,4,2,1,10,3,3,1,6,6,3,9,0,2,32,1,4,10,3,7,1,0,9,0,1,2,0,3,7,1,2,2,14,4,6,21,1,0,39,4,4,12
907291,23,101,22,13,242,17,10,82,8,6,90,24,12,17,70,10,8,54,3,6,182,12,12,41,13,68,15,20,163,26,17,77,26,14,96,25,18,2,41,49,8,70,8,4,174,56,12,63,4,97,15,5,146,37,13,60,19,9,72,30,19,7,81,22,15,171,7,4,161,19,6,95,6,135,33,4,300,21,4,76,13,17,151,51,11,11,62,13,8,71,1,3,86,17,10,74
684062,17,34,7,7,28,4,5,20,1,5,55,7,28,11,56,18,8,25,8,7,132,6,11,32,8,21,5,8,30,9,9,56,7,8,63,5,12,14,42,12,28,55,8,6,131,17,6,51,7,22,8,1,12,6,11,15,2,6,19,6,14,11,34,14,5,42,10,1,73,7,8,36,9,23,10,3,15,1,0,14,2,5,35,4,5,9,41,8,10,50,4,10,68,11,23,39
905971,1133,120,29,31,135,9,278,24,15,282,94,26,16,9,38,33,9,60,9,6,160,36,4,50,35,56,7,32,64,5,74,54,7,36,68,11,32,8,27,13,8,54,6,6,120,37,5,64,88,74,5,20,77,5,23,34,4,54,50,11,15,6,33,14,7,113,6,7,223,24,8,113,167,44,11,11,88,1,46,13,3,41,73,7,354,6,61,24,8,168,17,4,1050,1641,20,254
949162,13,23,15,3,19,5,6,18,4,1,45,5,11,8,29,13,8,27,4,2,98,4,6,29,6,12,0,7,18,4,12,25,3,6,48,4,7,11,27,13,12,25,4,4,71,9,8,28,4,15,3,2,13,2,4,13,3,3,11,5,7,7,21,8,6,25,8,1,71,5,5,26,4,10,5,1,11,1,4,14,4,2,31,4,6,9,23,7,12,26,3,6,47,15,11,21
908482,7,27,8,5,10,5,7,19,5,2,13,6,12,9,41,12,4,33,4,4,129,2,8,33,3,12,1,9,18,4,7,22,3,3,29,4,18,4,20,27,12,32,12,1,97,64,0,25,4,11,2,3,14,9,8,10,3,4,17,2,5,8,51,3,5,65,7,3,131,17,5,51,3,9,11,2,12,2,0,11,1,1,20,5,8,10,26,9,1,35,4,3,60,14,8,31
907060,5,13,1,0,8,1,5,7,2,1,13,2,2,5,19,6,5,10,3,2,44,6,7,12,2,5,1,3,10,4,2,11,9,2,18,1,4,5,19,7,7,14,3,6,55,2,8,22,3,9,2,0,4,2,1,4,1,1,14,3,2,3,7,3,4,19,4,3,33,2,2,11,3,10,0,1,10,0,0,5,1,1,15,0,7,3,16,3,4,21,3,2,41,6,11,8
909977,6,9,1,2,14,2,4,14,0,5,21,3,4,6,16,5,3,12,1,3,45,2,7,10,7,10,1,8,7,0,3,11,5,1,36,3,7,2,13,7,5,19,4,1,49,5,7,13,0,3,4,0,7,1,2,4,2,4,10,4,8,2,12,4,8,9,2,4,23,1,2,16,1,7,2,1,4,3,1,9,0,2,14,2,4,3,11,6,8,19,0,0,27,4,6,15
908131,3,12,2,0,14,2,3,12,4,6,30,1,2,4,28,12,5,20,0,2,59,4,7,19,6,8,1,2,12,1,3,15,6,1,27,3,3,6,20,13,11,22,8,4,59,0,6,19,7,9,1,2,6,7,5,7,1,3,8,1,11,3,17,4,7,19,4,3,47,3,4,15,0,7,3,1,2,2,3,7,3,2,15,2,5,2,16,8,1,25,2,6,34,10,4,23
925345,5,13,0,3,13,4,3,19,5,1,13,1,11,6,17,16,4,15,3,0,57,3,3,14,5,6,4,9,12,2,4,15,5,8,24,6,0,5,20,9,7,15,3,4,55,5,3,22,5,16,4,1,4,2,2,7,1,3,7,5,8,1,10,5,9,15,1,1,46,3,2,16,2,8,1,0,5,0,2,6,1,1,22,1,0,4,14,4,8,16,2,3,37,6,7,11
909707,3,5,0,2,7,0,0,11,2,1,12,3,4,6,13,8,6,10,2,2,31,1,6,9,3,4,0,5,4,1,2,11,4,1,18,0,3,2,11,3,9,21,0,1,54,5,4,11,3,4,0,0,3,0,0,5,1,0,1,2,6,2,7,10,7,14,5,1,27,3,3,12,1,3,1,1,5,2,1,8,2,1,14,1,4,6,13,10,8,22,1,2,20,6,7,4
909717,53,80,19,17,67,11,24,62,11,17,119,17,24,47,116,44,14,74,17,10,266,21,37,94,20,58,8,23,71,17,24,92,17,17,158,26,26,30,98,34,44,112,26,17,265,19,40,96,23,40,12,10,43,8,13,34,10,6,50,29,34,25,67,36,20,71,25,7,177,26,25,74,17,64,26,6,46,5,10,41,9,14,147,24,19,28,77,21,37,77,11,16,148,35,48,86
684072,2,7,1,1,10,2,4,10,2,1,18,4,8,3,15,5,2,15,0,2,40,2,2,9,1,6,1,4,8,1,0,14,4,3,10,1,7,5,13,3,4,17,3,0,53,9,6,21,2,6,0,2,3,1,1,8,2,3,7,3,2,1,16,4,3,13,5,0,29,6,4,11,3,4,5,1,4,0,0,2,1,0,10,3,5,1,8,6,1,20,2,6,29,10,7,10
910700,3,10,2,3,5,1,4,5,1,1,17,4,7,2,22,8,2,16,1,1,52,4,5,10,4,11,1,17,11,3,2,15,2,1,20,2,3,6,18,3,7,21,2,4,55,3,9,23,1,2,1,4,4,5,5,4,3,0,5,1,1,1,9,2,2,12,3,2,23,5,3,10,1,7,0,2,2,0,1,5,0,0,16,4,7,12,22,5,8,20,2,7,28,5,10,20
909776,8,7,1,1,8,4,5,8,3,5,19,3,11,5,16,8,4,24,2,2,48,3,10,9,4,8,1,5,6,3,3,15,2,5,16,4,4,3,17,7,12,14,3,1,60,7,6,27,3,10,3,1,1,0,4,10,2,0,17,2,7,2,11,4,0,18,3,2,32,3,3,20,1,4,2,0,3,2,3,9,3,3,19,6,7,8,19,4,6,26,1,4,38,14,6,19
1290765,6,21,4,1,12,3,6,6,2,1,15,1,9,3,7,8,5,11,5,2,44,1,3,14,0,8,1,8,8,2,4,19,3,1,16,4,11,3,10,9,6,14,2,1,39,5,1,15,3,7,1,3,1,0,2,11,0,1,4,1,6,4,11,4,5,11,4,1,27,5,4,8,1,5,7,0,8,0,2,7,3,3,13,2,3,2,10,2,5,21,3,5,26,6,6,17
1240123,22,42,9,4,64,4,17,45,4,3,36,12,14,9,39,13,6,24,3,3,185,7,11,32,7,33,4,8,65,8,17,99,4,8,106,4,9,8,30,24,9,34,10,3,166,60,7,47,3,30,4,3,29,4,11,18,6,4,30,6,6,3,53,11,9,101,2,4,193,10,5,59,4,31,10,2,84,4,2,32,2,3,72,3,3,7,14,8,5,27,4,4,77,12,10,27
1240173,4,9,4,1,11,2,2,11,4,1,23,6,8,9,15,8,3,20,1,5,66,4,3,29,2,9,2,4,8,3,2,13,2,4,23,0,12,2,51,12,9,47,2,1,71,7,10,42,4,10,0,0,4,4,4,9,7,0,11,3,5,6,10,4,4,23,5,4,35,5,6,23,2,8,8,0,10,1,1,2,3,1,17,4,4,5,66,5,2,144,1,3,58,7,8,52
907072,3,9,2,3,11,2,1,12,3,3,17,2,3,4,16,6,4,18,4,1,46,3,7,4,4,12,1,3,8,2,3,14,3,3,14,4,5,5,23,8,6,11,0,1,51,4,3,21,3,6,1,0,6,1,1,5,2,0,2,7,1,3,8,6,5,12,2,2,31,4,8,18,1,8,5,1,6,3,1,7,1,0,11,0,5,4,8,2,7,14,1,2,24,5,11,7
910849,1,6,3,5,5,0,5,9,1,2,13,2,7,7,14,5,8,10,2,1,47,3,0,12,5,3,1,1,11,4,2,12,4,5,27,4,5,5,11,4,8,20,2,3,48,6,6,15,2,6,0,3,3,0,4,6,2,0,3,3,7,4,6,5,1,8,5,4,32,6,4,10,1,5,0,0,5,1,1,2,0,3,14,1,4,5,6,2,4,14,1,3,28,5,4,10
906827,30,45,4,9,36,13,14,38,14,7,79,13,22,13,95,14,18,51,12,6,185,17,25,70,16,39,4,17,49,10,18,69,13,17,109,22,29,29,52,23,43,80,11,14,204,14,27,93,16,20,6,6,36,16,17,25,7,5,32,19,22,20,52,22,17,59,16,8,163,15,18,73,11,39,12,6,33,1,3,32,2,2,77,14,9,24,44,19,24,72,5,8,114,13,46,60
998189,11,28,6,21,24,7,14,22,4,3,16,11,14,7,29,9,7,39,4,2,124,4,8,18,7,20,2,15,41,4,13,46,5,5,49,2,18,5,27,27,8,28,6,2,125,42,8,27,7,24,2,7,40,6,14,19,5,3,17,7,9,2,45,11,3,59,15,3,159,19,3,47,5,18,7,3,26,1,2,17,0,4,25,0,5,5,18,8,6,37,1,4,52,10,12,12
1290907,7,17,6,5,8,3,2,17,7,3,22,5,20,11,36,14,9,13,4,0,67,6,5,14,6,12,1,8,12,5,2,31,8,4,23,9,8,4,23,7,6,41,3,5,76,13,10,31,4,9,1,3,10,2,3,11,1,4,6,10,12,4,19,10,11,21,8,2,55,5,8,23,6,11,5,1,10,3,4,6,0,2,25,2,7,11,21,10,5,18,1,2,37,11,18,36
907289,441,56,14,62,119,4,96,23,3,89,43,14,3,5,35,18,3,39,0,1,170,39,3,37,9,25,1,26,67,4,19,25,1,7,39,3,24,6,31,9,6,33,6,2,123,67,6,40,59,57,5,21,166,3,19,23,2,17,43,4,10,7,75,17,4,211,7,2,517,74,3,223,22,40,9,15,141,1,6,7,2,8,84,5,87,7,51,28,11,132,8,3,1072,946,7,278
906693,8,15,3,2,11,4,2,12,4,3,18,8,10,8,29,8,2,19,4,3,72,6,4,18,5,6,6,11,12,2,3,15,7,3,24,6,11,6,19,6,9,28,5,2,53,5,5,28,2,11,0,6,8,2,6,12,4,1,7,0,7,7,11,6,3,20,5,1,39,2,4,9,1,9,2,1,7,2,3,8,0,1,17,2,8,7,14,5,3,18,6,3,33,12,11,24
906821,3,11,4,4,6,1,5,16,2,1,16,0,5,13,19,7,6,20,5,3,64,3,5,12,1,13,1,10,12,4,3,18,6,4,32,6,8,3,16,10,9,22,3,8,80,0,5,26,6,10,2,1,9,2,3,7,2,1,5,1,3,7,16,3,1,12,4,3,51,4,5,15,4,6,4,2,9,1,2,6,2,1,22,4,4,2,18,6,7,30,0,1,27,9,12,19
753572,7,17,1,5,12,3,4,11,1,5,26,0,7,8,34,10,6,15,1,2,72,7,10,16,5,8,1,5,14,5,4,18,5,5,28,7,5,3,26,6,7,19,2,5,79,3,6,22,5,8,2,3,1,0,3,9,1,0,10,4,8,1,21,4,8,25,6,5,57,6,6,29,0,18,7,4,8,2,0,8,1,4,31,2,4,3,9,2,4,17,4,5,44,7,13,18
925348,8,17,1,4,10,3,5,13,4,1,40,3,10,7,28,7,4,22,4,0,57,1,6,23,3,12,3,7,12,6,9,26,1,4,33,5,5,9,19,7,13,23,4,4,66,4,8,29,7,15,2,4,5,4,5,9,2,3,13,7,7,4,21,8,5,13,3,1,51,7,2,16,3,18,5,5,6,2,1,12,1,0,28,9,6,2,21,4,6,34,3,1,39,10,8,24
910546,3,10,4,1,12,1,4,10,1,3,28,3,10,6,28,12,3,12,3,1,69,6,7,18,10,6,2,13,16,1,7,22,2,4,26,4,18,10,15,11,10,17,7,3,59,10,8,32,4,8,4,1,11,2,2,6,1,0,10,3,4,6,22,7,2,11,2,2,41,5,6,16,3,7,6,2,14,1,0,7,2,1,31,2,9,8,9,5,8,12,3,6,32,10,9,21
910907,1,11,6,4,16,0,5,12,2,4,18,4,6,8,19,11,4,17,1,4,51,2,4,19,3,6,1,16,16,1,4,22,6,4,29,2,5,5,12,10,10,15,3,4,59,9,8,21,9,8,1,4,6,4,1,10,0,0,7,2,5,2,12,2,2,14,5,2,40,4,5,19,1,5,3,4,7,3,2,6,1,0,19,3,5,3,16,8,9,26,1,2,35,7,11,22
909904,2,10,2,3,11,3,1,8,3,0,12,2,7,7,15,15,5,8,1,1,55,1,4,21,3,10,0,6,9,0,7,20,6,2,26,2,7,2,14,7,9,14,3,2,52,1,3,24,3,11,0,2,3,2,3,10,2,2,4,3,6,2,13,4,1,16,4,4,33,5,5,10,3,10,4,5,7,3,1,6,2,2,20,3,5,3,13,5,7,16,2,3,33,5,8,20
925347,13,9,4,10,7,3,6,17,4,4,21,2,2,6,20,12,8,10,6,4,49,3,5,13,1,11,1,11,8,3,4,23,2,5,24,3,12,4,15,3,9,12,5,4,58,17,5,13,5,5,1,3,7,3,3,9,3,2,11,4,4,3,16,6,3,19,2,3,39,6,3,16,6,5,6,3,9,2,0,9,1,5,20,6,19,5,10,5,5,18,2,1,19,25,10,17
1240218,5,9,1,3,5,1,2,4,2,2,8,2,5,4,18,4,3,16,4,1,36,3,1,12,0,6,4,4,8,2,2,8,1,4,15,2,3,3,8,5,8,9,2,2,31,3,3,10,0,5,2,1,1,2,2,4,3,1,5,3,5,3,6,4,3,9,3,1,24,3,1,13,2,4,4,0,7,0,1,2,0,1,6,2,2,2,8,0,5,17,1,3,18,4,3,10
1240201,4,4,1,0,3,2,3,8,1,2,8,1,6,0,9,6,3,13,2,1,31,3,6,9,2,7,1,1,3,0,2,12,0,3,24,3,3,4,14,5,4,12,3,4,52,0,3,14,4,2,0,0,2,3,3,3,1,0,1,1,10,4,14,4,1,8,2,2,22,0,1,9,2,10,2,1,7,1,1,5,2,1,8,1,2,3,10,6,6,20,0,3,18,6,5,6
1240208,12,20,5,3,12,2,7,11,2,4,25,2,6,10,26,8,6,13,3,1,75,5,7,25,3,8,1,16,12,2,3,25,5,8,35,3,12,7,16,11,11,18,2,5,79,5,9,26,4,10,1,4,11,4,3,11,2,1,5,6,11,2,22,11,3,16,3,3,58,8,5,10,3,12,3,2,9,4,3,5,0,1,22,2,8,10,19,7,8,16,5,1,42,6,22,32
906875,10,16,8,4,22,5,5,17,4,4,35,11,7,9,20,12,5,16,3,3,63,9,6,21,6,12,1,16,17,2,6,18,3,5,37,5,3,8,25,2,9,35,6,6,78,8,7,30,6,12,2,4,11,5,7,14,1,1,6,5,11,6,19,7,5,18,2,2,42,8,5,21,3,18,8,4,14,1,1,12,1,2,23,3,8,9,19,10,8,22,5,3,41,7,15,41
1240219,4,6,2,2,4,1,1,9,2,3,16,2,2,7,8,7,1,9,1,1,42,1,1,5,3,5,1,3,11,1,2,15,1,0,11,5,8,3,14,9,3,21,1,4,37,8,8,18,2,9,1,2,6,3,5,5,3,1,9,4,4,4,5,9,5,14,3,1,31,6,3,16,0,7,3,0,3,1,1,8,1,2,11,0,4,4,12,4,6,21,0,1,20,3,7,20
910922,2,13,3,1,18,4,3,16,3,2,27,2,12,4,20,10,3,19,3,2,58,3,4,18,3,7,2,18,5,6,5,8,4,3,30,0,11,7,20,8,10,34,2,1,63,6,4,34,1,4,5,4,7,4,4,18,3,3,5,2,7,3,24,4,2,13,2,3,31,2,6,26,2,3,5,5,11,2,1,6,0,3,12,2,11,5,15,7,8,34,7,1,41,4,10,25
905947,9,10,7,7,8,2,2,10,3,2,15,4,6,4,24,7,4,19,4,5,50,7,5,16,3,11,4,13,5,2,8,10,2,4,18,7,3,10,16,6,10,19,6,4,54,7,8,25,2,5,2,6,3,2,2,8,4,2,12,2,3,1,19,10,8,13,8,4,47,4,3,11,1,9,1,6,4,2,5,6,2,2,27,3,5,6,14,4,5,27,3,3,26,10,11,17
925346,3,21,5,4,13,4,3,9,6,1,17,4,10,7,19,12,6,16,5,2,71,3,11,13,4,12,0,9,10,1,6,14,4,6,20,6,2,11,17,7,4,21,4,1,45,3,8,24,2,5,1,3,4,4,2,13,6,0,6,3,4,2,11,5,3,19,4,2,43,5,1,22,1,9,0,5,11,4,1,7,4,3,26,2,5,8,18,5,6,26,3,3,30,10,12,15
905950,5,12,0,9,8,0,7,8,6,0,23,1,5,4,10,4,5,21,2,2,52,2,2,16,0,11,2,22,6,3,3,11,6,1,21,1,5,7,12,6,6,22,0,2,55,4,7,24,4,12,1,6,3,3,6,5,1,0,6,0,5,4,7,6,2,19,0,1,26,6,5,9,2,9,1,7,4,2,2,7,1,2,14,4,3,3,11,3,5,24,1,1,27,5,8,10
905963,6,12,3,6,13,3,2,11,2,1,19,2,8,4,16,7,2,19,4,3,67,9,5,16,3,8,1,19,8,3,3,20,4,4,31,8,11,7,20,9,10,30,5,2,63,5,11,24,3,11,4,5,7,2,7,15,4,2,5,3,6,1,14,7,3,14,1,2,39,1,6,24,3,12,1,6,7,3,1,8,4,0,20,5,2,5,16,8,7,25,2,4,40,7,10,20
753595,4,12,4,5,6,2,2,9,2,2,20,2,6,2,21,15,6,17,6,3,50,7,7,14,2,7,4,8,7,2,5,16,3,6,18,1,9,5,10,12,3,21,7,5,50,8,3,24,6,7,0,2,9,0,3,12,4,2,5,2,5,7,13,8,2,16,4,1,34,11,4,15,0,13,5,1,10,1,2,9,0,1,13,3,3,7,19,6,2,18,4,0,45,8,9,22
909250,2,12,4,3,10,4,5,11,7,7,26,3,4,7,22,6,9,18,3,3,65,2,4,18,5,11,3,12,14,1,4,13,8,4,40,3,6,3,24,14,9,16,2,4,81,8,5,24,2,10,2,4,2,3,7,8,2,2,10,2,5,4,17,10,8,16,4,3,44,5,8,20,0,10,5,2,11,4,2,4,1,1,25,0,8,6,12,7,9,22,1,1,24,10,9,28
909974,6,11,2,2,16,3,2,16,3,5,23,3,11,11,28,5,7,23,2,3,71,5,4,16,5,12,3,11,17,2,4,23,2,3,47,2,13,7,24,6,8,24,6,4,59,10,9,29,3,8,2,2,6,3,4,11,3,1,7,7,10,2,12,11,2,21,4,2,55,8,8,21,1,9,4,7,5,2,4,5,1,3,15,2,7,3,15,12,7,19,2,4,37,9,11,24
1298219,2,15,3,1,11,0,2,14,0,2,15,1,7,6,19,14,6,17,4,3,54,2,7,15,3,8,0,7,7,3,1,18,4,4,23,5,3,3,14,8,7,12,1,0,57,5,3,20,4,6,3,1,5,1,0,12,2,2,10,3,5,2,12,7,1,19,3,2,31,4,1,23,2,8,1,1,5,0,1,1,0,2,26,2,5,2,10,8,1,12,1,1,35,7,16,15
905978,5,11,2,1,5,0,3,4,0,3,13,1,7,1,18,5,3,4,1,1,41,2,5,13,2,3,0,6,5,3,3,11,0,4,12,1,19,3,8,18,5,16,5,1,32,14,2,13,2,4,1,3,3,2,3,3,0,0,5,1,6,3,6,3,0,11,5,2,23,5,2,16,3,5,2,1,5,0,0,5,2,1,11,1,4,2,4,6,3,19,1,3,17,7,10,18
1290797,7,16,0,2,11,3,5,8,0,2,15,5,8,2,20,7,4,18,1,1,47,6,7,9,5,8,0,5,7,1,3,13,1,2,27,5,12,7,10,12,9,16,7,6,55,4,4,25,3,4,1,3,7,1,7,5,2,3,13,3,11,3,15,5,3,9,6,0,33,5,7,15,2,8,3,1,8,0,0,7,0,2,15,3,4,2,9,4,6,18,2,2,36,9,16,20
905980,8,6,2,6,4,1,4,17,1,2,18,3,9,6,18,11,1,17,2,2,46,5,3,21,1,16,3,15,16,3,3,22,5,5,26,6,5,7,18,11,14,21,3,0,57,4,7,15,7,9,4,3,6,1,3,10,5,1,12,2,3,5,10,8,8,22,7,3,44,0,4,16,4,5,5,4,6,0,4,7,1,1,25,2,8,4,16,5,7,21,2,4,39,6,9,28
1298216,3,15,2,6,7,0,5,9,1,2,22,1,14,4,19,10,5,14,4,1,52,6,7,18,1,8,2,3,11,2,6,20,3,1,23,1,14,4,30,6,6,15,6,4,59,4,9,19,0,11,0,0,6,2,4,6,5,0,11,2,6,1,19,10,2,19,4,2,36,5,5,16,1,6,3,1,6,0,1,12,2,1,19,2,14,6,17,9,4,17,1,2,28,9,10,16
905981,3,8,1,3,5,3,5,10,4,0,18,6,9,5,26,2,3,23,5,3,63,5,3,13,5,6,0,20,9,2,4,21,1,5,28,5,6,2,18,11,8,20,5,3,60,5,6,21,2,12,2,6,5,1,1,3,3,1,9,2,3,6,20,3,6,20,2,2,35,10,3,14,0,3,2,6,9,2,3,11,2,1,15,3,8,5,18,7,8,27,0,5,36,6,12,18
907286,7,22,4,6,12,2,6,14,4,4,24,6,13,5,40,11,5,16,2,2,72,3,8,19,5,11,4,7,14,5,3,28,4,9,40,7,9,9,24,6,5,16,5,11,68,4,5,17,0,10,1,2,7,3,3,13,2,4,7,6,10,2,15,6,2,21,0,4,70,10,10,25,3,17,4,5,11,1,0,9,1,3,43,2,8,7,14,6,3,21,5,2,38,11,8,17
907298,25,34,3,12,29,2,12,24,9,5,73,6,16,12,48,17,11,39,5,9,148,10,10,53,9,24,4,27,30,5,10,66,14,11,71,15,14,17,44,14,23,70,7,7,160,9,13,61,8,20,3,12,19,7,11,19,6,2,24,8,17,8,45,13,15,54,6,4,108,13,13,41,9,24,6,9,14,5,3,19,8,2,54,7,14,9,38,13,13,44,6,9,83,19,34,44
905979,6,4,1,2,8,2,0,9,4,1,22,3,17,5,21,15,3,17,6,3,44,7,6,20,3,11,5,18,7,6,4,13,12,2,24,7,11,3,19,23,10,22,20,4,52,19,9,27,3,6,1,3,0,2,4,14,3,1,10,4,11,5,18,19,7,12,11,4,37,9,5,13,2,8,2,7,10,2,2,10,1,1,12,4,15,6,15,13,10,24,7,3,37,14,10,22
910698,10,8,5,7,8,6,6,12,3,2,27,10,8,8,32,13,3,22,7,1,73,6,7,19,4,10,2,13,19,5,7,23,5,9,39,9,10,8,23,12,10,35,3,3,80,3,10,29,3,16,1,7,2,1,4,7,4,2,14,4,13,3,19,10,6,18,3,4,61,5,4,33,4,15,0,6,16,2,2,12,0,2,26,7,9,12,33,13,7,24,4,5,44,11,20,38
910952,3,10,6,3,12,4,2,9,1,2,14,2,8,4,16,6,4,23,3,0,45,3,3,15,3,4,0,6,8,1,1,14,1,3,21,2,4,2,14,6,8,18,5,4,53,4,3,12,4,6,2,4,3,2,2,3,2,1,6,4,4,0,6,4,2,11,3,0,29,3,2,13,2,5,1,2,8,2,0,6,1,1,16,4,2,4,11,5,3,24,0,4,30,4,10,10
753585,7,8,4,4,12,2,5,7,3,3,22,2,5,7,19,13,3,21,5,4,47,1,3,20,6,9,2,10,17,2,2,16,3,1,32,5,5,3,10,10,7,24,2,1,61,1,5,18,11,13,0,3,7,4,4,10,2,0,13,5,4,2,10,7,2,11,4,3,43,6,3,16,4,6,6,1,6,2,1,3,2,2,15,3,9,7,12,4,5,31,2,2,32,11,8,13
753578,2,18,3,2,7,0,4,18,4,3,19,3,5,6,23,7,2,11,2,1,49,9,5,19,1,6,2,2,8,0,6,18,6,4,19,3,6,2,11,5,4,18,1,0,47,5,14,19,4,6,5,1,5,1,0,8,0,1,6,9,2,6,15,7,3,18,4,1,29,2,5,15,2,9,4,0,7,0,2,6,0,5,23,6,4,3,15,5,5,25,4,2,30,8,10,16
753558,5,12,3,1,7,1,4,12,2,2,19,3,5,3,11,9,4,16,1,4,33,6,4,19,5,5,1,3,6,2,4,18,5,3,23,3,11,4,18,9,10,25,8,5,40,11,7,20,1,4,4,2,6,1,6,7,2,5,9,5,4,1,22,8,1,19,3,3,37,6,8,14,4,5,3,0,8,2,0,10,1,1,19,6,3,6,12,8,8,21,2,2,22,12,6,18
753577,8,16,3,1,13,1,4,10,4,2,23,1,12,1,21,9,5,15,4,3,51,3,8,17,5,12,0,4,14,3,6,22,0,6,47,2,15,6,22,14,6,23,7,3,49,14,11,24,2,10,0,2,6,3,4,13,6,5,13,3,5,7,13,6,5,24,2,3,44,1,6,14,4,15,2,2,11,0,4,13,4,0,19,2,5,3,14,8,6,24,4,1,44,13,5,22
1298169,6,12,4,0,16,0,4,13,2,6,44,5,13,7,32,8,4,18,4,5,80,2,7,22,3,7,1,8,14,0,7,19,6,3,35,3,5,5,21,8,9,30,2,2,74,9,9,31,4,14,5,1,9,1,3,9,2,1,11,11,8,3,22,6,3,26,7,2,40,4,7,23,4,11,1,1,8,3,4,6,1,3,28,1,8,7,19,12,3,20,2,4,36,4,11,13
1240220,7,9,3,1,4,2,3,12,0,3,11,4,13,5,21,8,4,25,3,3,49,6,4,13,2,10,2,7,11,5,5,15,3,4,17,3,9,2,25,8,7,12,5,9,48,11,9,22,2,6,2,1,3,2,8,13,0,0,4,1,13,1,20,6,1,16,3,2,36,3,1,7,2,7,4,3,6,0,0,8,3,0,22,4,7,6,14,13,8,19,3,2,21,11,12,22
1240224,6,6,4,1,10,3,4,11,2,2,14,4,10,4,22,9,3,13,4,3,62,7,5,16,8,5,3,7,7,5,5,21,5,6,32,4,6,6,22,12,11,22,6,4,60,6,11,20,2,15,2,0,8,1,3,8,6,1,8,6,7,1,18,7,6,21,6,3,45,6,3,19,4,11,3,2,9,1,1,10,2,0,23,3,6,8,20,5,4,32,2,2,34,5,12,24
909744,12,10,3,6,5,7,2,8,8,1,25,5,11,6,28,1,8,18,3,4,53,4,11,11,2,8,3,19,16,7,5,16,7,4,25,6,12,8,19,12,4,29,7,1,52,5,9,25,2,9,3,4,5,3,6,12,3,1,7,3,10,2,17,13,10,20,6,3,30,5,9,12,0,10,3,7,7,2,2,11,2,2,22,3,7,7,17,15,5,30,4,5,33,12,12,27
908447,5,16,3,1,17,7,8,13,3,2,26,7,12,10,27,10,8,20,4,4,78,4,9,32,3,18,3,17,15,4,6,19,9,4,38,9,20,8,22,14,10,35,5,4,77,12,10,39,9,17,5,3,7,6,5,12,4,7,11,3,19,3,16,4,3,16,7,3,60,10,9,16,9,5,1,2,10,2,6,12,1,4,29,5,16,2,20,12,7,19,5,1,49,9,13,24
1298168,8,20,3,2,14,4,8,13,2,7,32,7,12,8,31,6,8,23,2,3,93,5,9,22,5,8,5,3,23,5,11,21,3,4,34,7,7,6,26,8,15,34,7,7,81,8,7,36,9,8,5,3,9,2,8,18,6,2,10,1,16,3,24,9,4,28,7,3,63,3,6,31,4,11,7,2,6,1,4,13,1,2,34,0,6,5,14,6,7,18,4,4,46,4,19,26
907299,4,12,2,3,11,2,5,9,5,5,11,6,10,3,17,6,5,11,0,2,51,3,2,18,7,7,0,7,11,2,6,8,4,3,20,5,5,4,16,5,13,28,5,5,52,3,7,20,4,4,0,1,4,2,2,3,2,1,5,2,7,3,13,4,4,9,4,3,43,6,4,8,3,4,3,1,5,0,0,5,1,0,12,0,3,2,13,3,4,26,1,1,30,5,11,18
753541,4,13,0,3,10,3,6,6,4,3,24,2,9,4,20,11,4,26,5,1,58,5,5,12,5,7,0,25,11,5,8,13,6,2,22,3,9,4,14,12,6,26,4,4,46,6,7,16,5,10,2,3,8,1,4,9,6,1,10,7,3,6,20,5,3,18,6,1,46,5,0,20,2,10,5,3,7,3,1,9,1,0,22,6,7,5,22,4,7,31,1,4,35,4,9,33
910911,1,10,2,1,10,2,7,6,3,1,21,4,11,7,17,8,2,17,3,1,57,0,6,10,2,8,2,7,3,1,5,14,3,3,19,3,5,1,8,1,7,22,2,2,47,3,10,16,0,10,1,2,7,1,5,12,2,1,7,1,4,0,11,7,1,15,3,0,33,2,2,20,1,8,4,0,3,3,0,7,1,0,19,5,1,8,15,7,5,30,1,1,28,4,11,12
910936,4,4,1,5,7,1,8,10,1,1,17,3,5,5,15,9,3,31,2,1,42,3,6,15,4,5,3,22,5,2,1,10,6,1,25,7,7,2,11,4,5,15,3,2,58,2,9,22,3,10,0,1,5,3,3,7,0,0,13,4,6,4,14,3,6,18,2,1,36,2,4,18,1,9,3,6,3,0,1,3,2,1,13,2,5,9,17,6,7,26,1,3,20,5,10,16
909709,8,15,4,5,12,6,2,7,0,2,29,6,5,6,16,9,9,21,8,3,63,4,5,24,5,9,2,4,9,2,6,14,4,6,22,3,10,3,19,6,11,35,3,4,63,1,5,23,5,11,3,3,7,2,5,11,0,2,6,2,3,4,16,2,5,16,6,2,39,6,3,22,0,4,1,1,4,0,2,6,0,2,18,2,8,9,28,4,6,28,2,2,31,8,21,23
753538,7,9,3,1,11,5,6,10,4,3,14,5,13,8,18,4,6,9,2,1,59,3,0,15,5,6,2,16,12,1,5,21,4,3,19,5,8,5,15,10,6,20,2,0,59,7,10,24,4,14,1,3,4,3,4,12,1,3,4,2,14,4,17,7,5,17,4,3,42,7,7,12,1,7,5,5,5,3,1,4,0,2,22,2,8,8,22,8,10,20,2,0,43,2,14,23
909708,8,9,4,5,9,4,12,14,2,2,22,4,11,7,26,6,9,10,2,0,65,2,4,25,9,13,0,8,16,5,6,24,4,3,34,10,2,9,22,9,10,40,3,2,77,6,9,23,2,13,2,3,6,2,5,9,2,2,4,5,8,3,16,4,5,13,3,1,42,9,4,18,6,14,4,4,10,4,1,12,3,1,22,4,6,10,30,4,7,32,2,4,40,7,12,36
1240196,9,8,4,2,11,5,6,15,6,2,26,7,13,9,22,8,4,15,2,2,62,6,6,20,8,8,1,9,13,4,4,21,3,2,30,9,16,10,15,8,6,19,5,3,58,3,8,19,3,10,2,5,5,3,4,10,1,0,5,5,15,3,11,1,4,14,4,0,35,5,3,19,2,13,2,2,4,4,0,10,1,0,37,1,7,7,15,9,5,10,2,5,36,8,15,22
1240204,5,15,2,5,4,1,2,11,2,4,19,2,5,4,15,5,4,18,4,2,47,3,4,14,4,4,2,8,2,3,0,11,2,4,22,6,7,0,12,7,8,12,3,1,50,3,10,14,1,2,2,2,6,1,3,7,0,3,7,1,4,3,7,5,4,15,5,3,26,1,3,12,1,9,4,1,7,0,1,8,0,1,20,6,2,5,10,3,6,30,4,1,22,7,10,23
1240205,5,10,3,3,9,4,2,8,0,1,14,4,11,2,23,7,0,12,1,1,31,4,5,13,4,7,2,6,6,2,4,11,5,4,24,5,8,3,15,5,5,14,3,2,30,3,3,19,4,3,2,1,1,3,0,5,2,0,3,1,2,2,9,5,2,6,3,0,30,7,3,8,2,10,4,1,6,0,0,4,0,2,20,2,6,8,11,6,3,17,0,2,23,7,9,15
1240121,4,7,1,5,8,1,2,8,2,4,14,0,6,2,10,6,2,14,1,1,37,5,6,9,2,7,0,1,9,2,2,20,2,5,19,2,8,2,11,9,3,14,1,4,43,4,10,16,2,10,1,2,4,2,2,0,3,1,3,1,7,3,9,6,3,13,4,1,32,3,2,11,3,7,3,0,4,3,2,1,4,2,21,3,7,9,9,8,6,17,5,2,26,1,18,15
1240122,5,11,2,3,14,2,5,8,1,2,22,4,13,4,23,7,5,21,7,1,50,3,3,15,2,8,1,4,10,2,1,20,5,3,33,3,12,3,15,12,10,23,1,7,52,5,5,22,1,6,4,4,8,1,3,5,2,2,9,2,11,4,15,9,5,14,5,0,35,4,3,15,1,5,3,2,7,0,0,6,0,1,15,3,13,3,12,4,11,20,3,3,15,9,13,20
1240161,8,13,5,4,8,4,5,17,3,3,22,7,9,3,31,7,9,25,8,4,70,9,6,18,4,12,3,9,8,4,0,16,7,4,34,6,21,12,25,14,10,27,7,3,52,7,12,31,3,9,3,3,5,2,4,10,5,3,8,4,8,6,24,12,6,23,8,2,41,5,7,16,2,10,4,2,8,1,1,9,0,0,39,4,6,11,28,6,13,28,8,3,37,9,12,17
1240162,7,10,4,0,10,3,3,4,2,3,20,4,8,5,16,8,6,16,3,2,44,4,3,21,0,9,1,3,7,2,1,17,1,4,24,4,12,8,26,9,4,16,4,6,48,5,7,21,2,9,0,1,8,3,4,5,2,2,5,4,6,4,13,5,2,14,2,1,32,6,1,12,1,4,1,2,6,3,0,8,1,0,14,2,7,6,20,8,5,18,2,4,42,6,13,19
1240140,2,12,4,3,20,1,3,8,2,3,13,0,6,6,15,9,4,20,0,3,59,3,7,16,5,10,3,4,8,2,5,11,3,2,22,5,5,5,14,6,10,17,4,2,53,3,6,20,2,2,0,0,4,3,2,12,2,3,7,4,4,3,11,5,4,13,4,1,45,5,3,21,1,6,3,0,6,0,1,2,0,2,14,2,2,8,13,4,3,24,4,3,26,7,9,16
910701,5,11,3,1,5,1,6,8,1,2,14,3,6,5,19,3,2,13,1,1,43,4,5,10,6,9,4,12,10,1,1,13,2,4,17,1,2,9,14,7,4,19,1,5,54,4,6,17,5,3,1,1,6,1,0,12,1,1,3,4,3,3,6,3,3,24,1,2,35,2,4,13,2,3,1,4,4,3,3,6,2,0,14,5,1,1,12,4,2,25,2,7,23,6,9,16
1298215,8,7,3,1,12,5,3,9,4,4,30,3,7,4,16,10,8,16,3,2,76,3,5,13,4,12,3,8,10,3,5,19,4,2,21,7,13,6,16,6,14,32,8,3,64,5,7,20,3,11,3,3,10,1,5,13,5,1,8,4,12,0,14,5,9,15,6,1,39,6,5,20,0,7,8,2,9,0,1,9,5,3,29,1,15,1,23,7,12,23,2,4,39,4,15,13
753561,9,12,3,6,12,4,2,16,2,5,31,7,21,7,21,11,2,16,3,3,46,4,7,19,6,6,4,4,12,3,1,12,6,2,20,3,5,10,23,11,4,15,1,5,50,6,6,26,5,11,4,1,2,4,4,8,3,2,6,7,10,1,22,5,2,20,3,4,46,7,1,17,1,13,4,2,4,1,0,6,1,1,17,1,10,5,15,7,4,24,2,1,36,10,18,19
906837,5,6,3,1,5,0,2,9,2,3,12,5,10,3,15,3,4,15,2,1,37,2,4,10,3,5,3,28,8,2,2,15,2,2,24,1,7,4,10,9,6,15,1,2,47,7,2,19,0,8,0,7,4,1,2,9,2,2,9,0,8,2,9,10,2,10,4,0,32,5,4,8,2,8,5,7,5,1,0,6,0,0,21,2,7,5,20,3,6,13,3,1,20,12,9,13
910904,4,9,3,9,15,0,2,11,0,1,11,2,10,4,15,8,3,12,2,2,56,4,4,13,0,6,3,20,13,6,7,13,2,3,21,9,4,6,15,3,8,13,1,3,46,1,5,16,4,6,1,5,3,2,2,7,1,1,9,5,7,2,13,4,6,11,1,1,24,4,3,10,0,5,5,4,7,2,0,9,1,1,20,5,4,6,15,8,8,16,1,0,32,7,5,15
753570,3,10,2,0,15,2,6,13,5,2,18,8,6,7,12,12,4,16,1,4,57,5,5,16,3,8,1,5,16,1,3,21,7,5,38,1,8,6,23,8,15,29,2,2,80,5,10,19,3,6,0,2,9,2,4,11,4,3,8,4,5,2,8,7,3,12,2,4,43,3,3,17,1,9,3,3,7,1,0,7,1,1,10,3,6,17,26,3,1,13,5,5,39,7,11,16
924111,6,14,2,1,11,6,4,17,1,3,23,4,4,8,16,16,4,22,3,3,68,7,6,13,5,14,2,7,13,9,8,13,6,5,35,3,10,6,18,12,13,22,5,4,54,4,12,24,4,7,2,0,4,3,2,9,4,2,13,2,5,6,19,7,5,14,5,0,52,4,4,21,1,12,3,1,7,3,6,5,1,3,21,4,12,15,19,15,8,22,4,5,50,8,15,24
907061,7,19,3,9,14,2,3,13,2,4,32,6,8,6,26,13,6,23,4,3,81,3,7,31,10,8,6,42,19,5,4,20,3,3,32,3,12,9,20,6,8,23,5,3,80,4,7,24,5,9,4,7,7,3,4,14,3,1,14,6,5,6,14,5,7,14,4,6,59,4,8,21,3,8,7,10,11,5,3,14,0,0,26,2,11,17,29,6,6,18,2,4,53,8,29,36
906863,6,15,10,5,12,4,5,12,1,6,22,4,24,14,33,17,4,20,11,4,83,9,8,19,7,11,5,29,22,6,8,28,9,4,33,6,21,6,23,10,8,42,12,7,82,9,12,25,8,20,0,5,13,2,5,10,3,2,21,7,15,5,33,9,15,26,4,0,58,7,9,18,2,12,7,6,7,2,3,11,1,2,27,4,6,19,45,11,8,30,9,4,59,14,22,38
907059,7,15,4,9,13,2,2,15,3,5,24,5,10,8,23,12,0,17,5,3,58,3,6,21,7,8,1,42,17,4,8,29,1,14,33,3,6,7,31,8,4,24,3,5,68,5,8,22,2,11,1,10,2,3,3,9,3,3,13,3,4,3,15,8,13,24,5,1,48,6,2,20,1,16,5,10,10,2,0,11,1,0,23,5,8,10,15,11,9,14,1,8,36,13,15,17
909700,5,8,4,9,15,5,2,15,1,2,19,1,9,3,25,10,4,20,2,1,58,7,2,14,1,11,2,23,15,1,5,19,2,7,36,6,11,5,13,10,10,24,4,6,61,8,6,26,6,4,3,2,6,4,3,18,1,2,11,1,11,7,21,6,4,27,4,3,41,7,3,9,2,4,8,6,8,1,1,12,3,0,16,5,5,9,19,6,2,28,1,3,39,6,10,23
753535,4,9,2,10,14,4,7,20,1,4,27,2,10,3,30,13,6,18,4,2,68,4,2,22,4,5,2,46,9,3,4,17,3,3,33,3,70,10,20,36,12,20,20,2,72,28,9,23,1,19,2,12,7,2,5,23,4,3,10,5,7,4,12,9,6,24,5,4,52,11,6,25,1,8,3,17,5,3,0,9,1,3,29,2,14,15,15,7,10,23,2,1,53,16,16,33
753583,7,7,6,12,5,1,5,9,3,1,31,3,6,5,13,4,4,14,3,7,70,8,3,19,2,7,3,34,14,1,7,13,3,5,18,4,7,6,15,8,8,9,4,3,58,14,3,15,6,10,4,9,14,1,3,16,5,1,8,2,6,8,21,7,7,10,2,5,25,8,9,19,6,11,4,15,12,3,1,5,5,2,17,5,5,8,12,6,8,22,4,3,33,11,17,22
1298529,5,6,3,11,10,2,5,7,6,1,17,1,10,9,19,9,2,20,4,2,41,2,5,15,6,8,2,13,7,3,7,17,4,6,25,0,7,7,18,13,9,28,2,3,51,10,15,19,1,8,1,5,1,3,2,16,3,0,9,4,13,6,17,6,3,17,6,3,42,8,2,16,2,10,3,6,10,1,3,9,0,3,9,5,9,13,20,11,4,24,1,8,31,8,17,16
1240206,1,6,2,2,8,0,3,9,2,3,15,2,5,5,15,4,3,12,0,4,45,3,6,19,2,5,2,15,9,2,4,14,0,3,12,3,8,9,23,7,11,22,3,3,54,1,3,19,5,5,1,6,5,2,2,8,1,1,8,1,6,4,10,6,3,12,2,2,33,3,3,10,2,5,2,8,7,1,2,5,3,0,9,1,6,8,14,6,2,25,3,4,33,4,14,25
1298531,7,10,5,3,6,2,3,18,1,6,15,7,6,3,15,2,6,12,2,2,60,6,4,15,4,7,3,19,13,4,2,20,1,3,34,8,5,3,22,10,5,20,8,3,63,5,7,31,2,12,0,12,10,1,5,5,3,2,11,2,5,4,13,3,4,18,5,3,31,4,7,13,2,9,5,7,6,0,2,4,2,1,26,4,7,5,18,8,5,27,3,4,45,10,7,30
906849,10,17,4,3,12,3,7,11,2,3,33,9,18,8,31,8,4,16,3,2,62,8,5,18,7,11,1,4,13,2,5,17,8,3,25,3,13,6,19,7,6,25,9,6,68,5,5,30,7,10,1,1,11,3,5,7,4,1,10,6,8,4,17,10,3,18,5,4,60,2,5,25,1,8,2,3,8,1,3,10,0,1,23,3,6,6,21,8,7,18,4,1,43,8,11,23
906869,7,20,4,2,12,1,6,9,2,3,28,4,18,8,17,9,5,16,2,1,65,1,2,14,4,9,3,6,12,4,10,26,4,2,34,5,6,4,25,5,9,17,3,4,55,7,8,28,5,10,4,2,8,2,1,9,2,2,8,1,6,2,12,2,7,15,4,2,48,1,5,20,5,4,2,1,8,1,1,8,0,0,22,2,8,3,12,5,6,14,4,4,30,10,8,17
907041,8,24,5,4,12,2,5,8,3,4,22,5,16,7,27,7,8,13,8,3,60,4,4,20,5,8,1,3,18,6,3,28,7,4,24,3,19,6,20,20,11,22,5,5,59,6,7,22,6,9,2,1,6,3,3,7,7,3,12,5,14,2,25,11,4,10,4,2,51,8,4,25,6,8,4,2,8,1,1,7,1,1,22,3,8,8,22,8,9,19,2,2,40,6,8,17
909770,15,30,7,6,20,3,10,24,7,4,29,13,11,6,34,8,4,23,3,7,124,5,6,26,10,12,4,5,23,9,7,36,5,6,45,3,12,8,27,23,9,23,11,4,129,40,8,31,4,18,1,5,10,7,2,9,9,4,14,4,6,2,41,11,5,53,8,1,135,10,8,27,4,13,8,3,9,3,3,11,3,1,37,6,7,7,14,5,6,33,2,3,65,13,9,22
909711,5,12,3,1,8,3,2,12,3,5,25,8,2,5,20,11,1,19,4,0,49,2,6,7,1,12,1,5,19,3,5,16,7,3,23,1,9,4,12,7,11,33,2,5,65,1,8,24,1,7,5,3,10,1,2,9,3,1,6,5,10,3,16,7,6,15,6,4,42,9,9,24,0,4,2,3,8,1,1,8,1,2,21,4,8,8,18,6,2,19,1,3,25,4,6,22
909697,6,13,5,6,18,5,4,16,4,3,40,1,10,10,49,15,6,30,3,1,95,3,9,21,4,19,2,10,12,5,4,28,3,5,41,8,13,11,38,8,11,24,2,7,84,10,7,30,6,14,1,2,7,2,6,13,4,1,22,7,9,8,28,9,6,30,5,4,61,7,10,27,3,11,4,3,10,2,4,10,3,4,31,6,7,8,23,8,9,30,3,2,61,9,11,33
906848,4,14,2,4,8,7,2,13,5,2,17,5,8,7,17,12,6,18,4,2,57,2,5,14,6,5,0,6,14,1,5,22,2,4,19,3,12,3,19,9,8,25,5,5,67,8,9,22,11,9,3,3,6,3,2,9,2,8,7,4,11,4,16,6,9,21,5,3,41,6,3,21,0,10,6,1,9,0,1,8,2,0,18,3,1,3,19,9,6,14,4,3,36,10,11,13
910910,7,13,5,6,19,5,5,21,2,2,25,4,12,7,28,8,6,23,6,2,69,3,5,15,5,10,3,16,17,3,7,29,11,8,37,1,7,7,18,5,8,27,2,0,70,1,16,29,6,8,4,4,5,3,1,7,2,2,13,6,11,4,16,8,8,22,5,5,52,6,6,24,3,12,9,10,10,4,0,8,1,2,23,7,3,10,14,6,10,21,4,2,44,10,20,30
753562,8,15,6,12,8,1,5,10,4,2,21,4,7,10,26,8,3,16,3,1,65,1,9,25,2,21,0,17,15,4,5,20,6,8,25,4,6,7,19,4,14,23,4,4,64,4,5,25,5,6,2,7,7,3,7,21,1,3,14,8,10,1,16,4,13,16,2,5,44,5,9,23,1,9,7,12,9,1,3,9,1,1,43,2,7,12,22,5,6,26,4,1,24,9,7,26
910930,5,9,3,3,14,4,6,8,3,5,18,3,5,3,15,13,5,12,1,2,45,11,4,14,7,6,3,13,13,3,6,16,9,3,31,2,7,3,28,6,7,26,6,3,64,5,6,19,2,8,2,4,4,2,2,9,2,3,10,7,8,4,10,5,14,24,4,1,35,6,8,20,1,6,4,2,3,5,1,5,1,0,17,8,6,3,19,4,7,22,4,2,34,13,11,15
687995,16,61,11,15,37,6,18,50,10,8,80,15,17,26,84,34,17,84,14,7,248,13,18,57,22,41,5,29,57,8,21,110,13,14,128,13,30,15,77,31,37,79,14,21,275,22,31,98,16,37,8,8,40,8,19,40,5,10,41,13,19,18,75,21,14,77,11,11,184,20,17,92,9,48,9,6,28,8,5,26,6,13,79,12,22,25,66,18,21,62,6,13,108,20,37,75
1290807,5,6,3,0,1,2,0,2,2,2,11,2,3,3,10,3,6,10,1,1,32,1,2,6,0,4,1,10,4,3,2,5,2,1,8,2,3,9,11,1,11,11,3,4,22,1,4,17,0,2,1,0,1,2,4,8,1,1,2,1,0,3,4,3,1,8,5,2,19,2,3,10,1,4,2,1,3,1,0,3,1,1,8,1,2,3,11,2,0,3,0,1,20,2,6,7
907290,9,17,3,9,10,8,3,22,2,3,19,1,8,9,30,6,3,33,6,1,56,7,4,16,4,5,3,24,18,3,6,32,7,6,33,8,5,4,28,10,4,26,6,5,74,9,12,29,4,15,1,5,9,2,5,14,0,0,9,5,7,4,18,5,3,18,5,2,61,5,7,31,3,12,3,10,14,3,0,7,2,2,26,4,7,7,14,4,5,22,4,2,54,8,14,18
910567,6,17,2,10,12,0,5,14,4,5,28,1,11,4,25,6,6,22,2,4,67,5,7,23,1,4,3,35,11,3,7,21,2,8,29,7,9,7,17,9,8,20,3,2,56,8,6,24,5,14,2,17,7,5,0,21,6,1,10,4,15,6,20,9,6,21,7,7,45,9,7,15,1,7,4,14,6,0,2,8,3,2,25,3,4,8,26,6,8,29,3,4,31,13,12,19
906832,8,16,7,6,12,6,5,16,5,4,29,5,11,7,25,12,4,14,2,3,77,6,12,22,4,13,7,50,12,7,4,26,11,1,25,7,10,6,15,13,6,29,3,3,60,5,12,19,3,15,3,18,4,4,1,24,5,1,11,4,8,11,15,5,5,21,3,4,51,5,5,16,5,13,6,16,14,5,0,8,1,1,17,5,9,5,17,6,8,23,4,6,40,6,6,15
1330972,7,12,2,1,15,3,5,8,3,3,19,6,12,5,22,8,6,14,5,1,43,9,5,15,4,7,4,10,7,5,3,13,7,2,24,6,14,4,20,8,12,21,11,4,55,14,4,29,4,7,1,0,4,0,1,7,3,2,8,2,12,1,14,13,7,13,7,2,36,9,6,12,4,9,5,2,13,2,2,8,3,0,19,2,13,6,13,18,3,21,2,0,36,11,13,20
1503371,10,11,4,2,23,7,2,9,6,4,21,1,17,6,35,19,4,26,7,1,63,11,6,16,3,5,5,8,19,9,9,30,20,3,23,8,36,6,30,34,10,39,17,7,84,31,8,42,7,11,3,1,4,5,6,6,11,4,10,6,22,2,22,21,7,19,6,5,50,9,4,17,3,11,6,2,5,5,0,14,5,3,33,8,14,10,28,25,12,32,8,2,41,24,21,26
687600,5,13,6,6,17,6,6,14,2,5,26,4,14,8,30,7,12,20,6,5,70,7,5,19,7,12,2,13,19,3,2,15,9,3,33,4,11,3,25,12,6,27,6,1,54,6,11,35,3,7,5,4,10,4,8,13,5,0,8,8,11,6,16,8,8,15,8,2,43,10,6,25,3,14,4,5,8,6,2,9,2,2,32,2,13,12,29,11,16,33,3,6,48,11,27,30
753599,3,9,3,2,10,8,4,21,0,1,15,1,5,6,16,6,6,12,3,1,45,5,6,13,4,4,1,6,11,1,1,16,6,4,20,7,5,6,10,7,11,24,2,5,52,5,4,24,0,8,4,1,1,2,4,9,3,0,10,7,7,2,11,16,6,19,6,2,41,1,0,21,1,3,3,2,13,3,1,8,0,0,23,6,8,7,17,5,4,23,5,4,27,5,10,18
909742,11,17,3,6,10,5,13,13,1,2,24,8,6,5,36,12,5,20,1,2,56,6,8,25,2,11,4,16,12,5,8,29,4,7,21,11,6,8,18,6,7,26,4,2,49,3,7,18,5,10,4,5,8,1,4,7,5,2,10,6,5,5,22,6,5,21,8,2,57,5,3,14,1,7,4,3,10,2,0,5,2,3,25,2,5,9,20,4,4,25,4,3,39,12,13,22
946366,4,10,4,3,6,3,3,10,5,1,27,3,7,4,18,7,4,14,2,2,42,4,1,12,1,7,0,26,8,6,3,18,3,6,18,3,12,6,19,8,7,22,4,5,64,1,8,22,2,9,1,7,4,1,2,13,2,2,5,2,7,6,20,3,6,13,3,3,46,10,4,15,1,8,6,9,8,2,0,5,0,0,13,3,12,5,10,5,4,25,4,2,30,8,8,13
910399,10,13,4,2,6,4,10,12,3,0,14,2,12,11,25,20,6,10,1,4,45,15,8,19,6,12,5,19,11,6,7,18,8,5,32,11,19,7,16,29,11,24,9,6,49,15,5,25,1,8,6,4,6,6,6,12,8,3,13,4,16,5,14,15,8,21,6,3,32,10,6,15,5,9,4,7,11,3,0,10,2,3,25,6,12,7,33,17,7,34,8,5,38,16,11,27
1298534,7,16,2,6,8,3,3,6,2,0,25,8,11,4,17,11,1,16,3,1,61,3,5,19,3,8,3,14,8,3,3,23,1,5,26,8,3,6,19,9,9,22,2,2,64,5,2,24,1,4,1,0,3,4,2,4,5,2,4,3,8,2,16,5,3,17,1,0,34,5,5,17,1,15,2,4,7,4,1,7,1,4,20,0,4,4,13,2,4,22,3,3,56,8,8,20
688021,5,14,4,4,9,2,8,15,13,3,23,3,12,4,22,19,4,26,8,1,58,14,11,31,2,7,4,21,8,4,6,20,9,5,28,7,31,9,34,31,12,35,15,3,79,19,7,32,7,9,0,7,9,5,4,14,3,1,12,3,18,4,20,24,3,33,17,4,43,14,4,21,1,14,4,4,14,9,4,13,5,3,20,3,13,12,24,23,13,34,9,5,40,16,15,26
905957,5,7,0,4,13,1,2,11,1,3,9,4,4,5,19,6,3,12,5,1,33,2,5,8,1,8,2,17,10,1,3,8,1,3,17,0,4,5,14,9,5,18,6,1,53,3,7,11,2,5,5,5,4,2,1,8,1,2,8,3,5,3,10,4,8,12,3,1,26,0,7,11,1,12,3,5,9,0,0,4,2,1,10,1,5,3,11,4,1,22,2,0,24,3,7,15
909739,10,11,1,2,11,1,9,16,0,3,29,5,8,6,34,13,7,10,0,1,55,5,3,22,3,16,4,15,18,5,2,19,6,5,35,6,9,5,21,8,8,21,8,5,76,7,14,24,4,10,1,6,8,1,2,14,6,2,8,5,4,4,14,9,8,18,4,2,48,5,8,18,3,13,2,2,11,1,3,9,3,0,30,5,3,8,12,3,12,17,2,2,33,7,14,23
907171,7,17,9,8,24,3,2,12,2,5,21,7,9,4,20,3,2,34,2,0,55,4,6,21,2,7,2,25,7,0,4,17,3,6,24,5,7,4,66,9,4,107,4,4,65,2,4,85,7,8,5,5,6,0,5,10,4,1,8,8,2,5,8,5,4,24,3,5,26,4,7,31,2,11,4,5,6,3,2,10,1,3,19,1,5,3,111,2,5,305,0,2,108,7,9,85
924108,5,14,4,15,12,1,3,15,1,3,20,5,9,6,28,6,5,10,1,1,52,1,7,15,2,7,1,29,8,1,6,11,2,4,33,4,7,4,10,9,7,16,1,4,69,8,5,17,5,7,2,12,3,4,6,11,0,0,5,2,10,2,19,4,3,12,4,4,34,0,4,21,2,9,1,9,6,1,3,8,0,1,21,6,13,2,20,3,3,16,1,2,29,9,6,25
909784,5,11,4,15,15,4,7,7,1,0,20,4,7,6,20,6,4,22,0,3,51,7,7,19,1,6,2,37,6,3,3,7,5,5,29,6,15,2,35,16,7,46,2,4,64,11,9,38,5,15,4,13,12,2,3,19,5,1,12,7,6,5,13,7,2,29,3,2,44,6,3,19,3,4,7,17,9,0,3,6,1,1,26,2,8,5,27,5,9,54,7,6,41,7,10,36
910861,12,10,7,12,17,2,10,12,4,1,20,3,3,6,25,4,2,18,4,3,29,2,7,18,1,6,1,14,12,2,5,14,5,6,19,6,8,2,12,7,10,18,4,2,49,5,6,24,3,8,3,6,19,0,1,9,1,1,15,4,6,4,12,5,6,15,1,1,33,4,5,17,3,10,2,8,13,3,1,11,2,2,23,7,2,4,12,6,8,26,2,1,30,11,13,18
1298362,8,16,3,3,10,5,7,13,0,0,19,9,11,4,22,12,4,19,4,1,66,4,8,17,6,17,2,13,16,1,5,18,7,5,35,2,7,10,15,7,6,33,2,3,64,6,7,20,3,10,1,3,8,3,1,7,2,5,12,5,5,6,5,7,6,23,4,3,50,3,6,13,0,14,6,1,13,2,1,12,3,0,32,2,5,4,18,7,8,22,5,4,38,5,12,27
1240137,7,9,1,9,8,5,8,17,1,6,21,2,5,5,25,2,2,20,2,2,61,4,6,14,5,11,1,22,8,2,5,17,6,2,29,9,9,6,9,8,9,20,6,3,56,8,2,16,2,14,2,6,5,1,4,11,6,1,8,2,5,6,20,10,4,16,5,2,39,3,4,23,2,10,2,6,13,2,0,8,3,2,21,5,5,9,11,7,4,29,3,5,38,4,13,19
906855,5,11,4,7,7,0,5,11,1,3,13,2,13,9,16,5,8,15,4,2,56,8,4,14,8,7,4,13,6,2,1,10,3,5,14,6,5,6,18,7,5,17,2,6,49,5,3,25,4,3,2,6,13,0,1,14,2,3,11,1,9,1,13,6,5,9,2,2,27,2,0,16,3,8,1,3,8,1,0,9,0,0,16,4,4,3,16,3,4,28,3,3,25,10,12,14
1240178,4,13,4,2,6,2,4,12,2,0,30,2,8,1,17,12,3,19,3,1,50,2,6,19,1,10,1,12,12,1,5,16,3,3,28,4,4,8,14,7,7,24,2,6,38,4,8,21,5,6,1,3,2,1,0,14,1,2,8,3,6,3,8,2,1,17,1,3,42,5,2,14,0,7,4,3,13,1,1,5,5,2,19,4,3,7,17,5,4,23,1,3,29,6,1,18
724869,3,9,0,10,9,4,6,14,2,2,22,3,8,5,20,11,2,16,3,3,49,1,4,15,1,17,2,25,16,2,8,19,6,5,27,3,4,2,23,5,5,22,3,7,45,6,9,27,5,13,1,4,5,3,2,13,4,2,11,3,2,4,18,8,5,11,6,2,34,2,3,19,4,12,2,11,14,1,5,5,4,2,24,4,8,7,11,7,8,27,3,1,31,6,12,15
907073,26,54,13,19,69,5,21,65,16,15,111,10,37,38,97,34,25,70,19,21,295,15,23,86,24,53,6,32,70,15,23,100,13,24,114,18,16,29,92,31,40,119,20,13,303,21,30,101,14,35,11,13,27,8,17,53,10,12,48,16,11,15,78,27,30,77,17,8,215,21,24,88,14,32,9,28,42,6,4,36,11,9,107,11,23,23,80,20,29,77,8,13,153,22,62,81
753533,6,15,6,10,7,3,3,15,0,5,14,4,10,3,24,6,0,14,4,6,58,2,5,12,10,5,0,57,7,0,2,14,1,6,13,3,4,2,18,17,7,37,1,6,41,6,6,31,3,12,0,15,9,3,4,18,4,2,11,5,5,2,15,7,4,13,4,3,46,2,4,14,4,6,5,15,6,2,1,9,0,0,20,3,5,3,15,8,6,24,1,1,41,6,15,19
909712,6,9,2,4,6,0,7,14,1,2,21,4,12,4,21,7,0,17,2,5,58,4,2,17,6,6,2,7,15,2,3,16,1,3,25,3,11,7,14,5,5,31,2,5,59,0,13,20,4,9,2,1,4,5,3,7,2,1,5,4,10,3,14,5,3,13,4,2,37,4,7,25,2,13,3,0,8,0,0,10,1,2,23,3,6,4,16,6,9,21,4,1,33,14,9,21
1240132,4,8,1,8,10,0,3,7,3,3,23,1,6,4,17,3,2,15,4,3,48,1,9,12,6,7,3,10,7,1,3,17,4,8,20,3,4,5,15,5,7,18,3,3,54,4,9,19,5,8,3,7,4,3,0,11,3,1,7,5,5,1,18,4,8,19,2,1,35,3,4,14,3,10,4,7,3,2,3,5,1,1,18,1,4,7,12,3,10,15,2,3,24,6,3,18
909976,4,20,7,9,19,5,8,17,9,3,17,4,13,6,24,14,4,16,2,7,53,5,5,22,6,17,3,19,21,6,5,35,8,4,23,11,8,9,26,10,12,28,2,8,55,5,9,32,7,17,0,6,8,2,4,15,7,3,16,3,9,2,12,8,7,19,4,3,53,2,4,23,5,13,7,14,20,8,2,9,6,2,23,6,7,9,20,11,14,20,0,1,31,11,18,27
949153,3,11,5,0,11,2,8,9,2,0,23,4,10,5,24,9,5,13,3,2,64,3,2,16,4,16,6,4,13,5,4,22,2,3,28,1,6,3,17,0,14,23,3,3,62,4,5,20,4,5,3,3,7,2,3,6,0,0,8,3,8,5,17,2,2,14,3,0,40,2,5,21,3,10,3,2,14,2,2,6,2,2,26,3,5,5,16,7,4,14,1,0,44,9,7,11
909260,8,20,6,4,36,4,6,41,10,4,38,6,4,7,27,13,3,25,5,0,122,5,11,21,6,18,2,7,47,2,7,70,7,3,56,2,11,2,25,14,10,28,7,2,159,10,10,33,9,19,3,8,27,3,5,48,6,6,27,5,8,3,24,5,6,39,3,3,145,10,7,33,4,15,7,4,35,1,2,24,3,1,44,5,4,6,20,6,6,32,4,3,62,8,14,27
753532,3,17,4,16,12,1,3,18,5,5,19,4,9,2,27,12,3,20,1,2,64,4,5,16,3,8,3,37,9,4,4,19,4,3,23,8,9,9,18,11,4,20,9,5,71,5,9,20,3,12,3,10,7,3,2,13,3,0,1,4,8,4,15,7,5,28,3,5,28,3,2,18,4,13,4,10,8,1,0,6,1,3,14,5,5,13,24,8,5,36,4,1,45,4,13,25
908158,3,12,4,3,18,3,7,8,0,3,25,3,11,7,26,7,5,13,2,0,184,2,3,14,8,8,3,17,20,6,5,22,3,3,18,2,5,8,20,3,6,29,4,3,265,14,9,20,1,11,1,6,6,2,4,9,6,1,12,2,4,4,20,5,4,21,3,3,211,8,2,31,5,9,6,3,10,0,1,10,1,1,12,0,1,4,9,4,6,30,1,2,75,4,8,26
908120,32,65,14,13,75,8,20,62,13,11,106,12,35,49,121,38,18,86,19,18,291,21,23,93,27,46,11,35,79,14,34,136,20,22,157,18,26,30,91,31,48,108,23,24,347,26,34,121,28,51,12,10,37,10,17,47,13,8,41,17,35,25,65,28,21,100,20,14,223,13,20,105,11,44,23,16,49,7,10,34,10,16,126,15,17,28,78,27,37,87,11,20,169,25,62,92
909762,9,11,4,6,15,3,6,11,2,3,24,3,8,8,21,11,5,22,3,2,61,5,10,15,5,8,0,13,15,2,4,22,4,6,34,4,9,9,22,6,11,26,5,1,62,4,8,18,4,8,2,6,3,4,6,15,3,1,11,7,11,5,18,8,8,15,5,4,59,5,8,19,3,12,3,3,10,2,3,12,1,2,31,4,7,6,20,4,8,16,5,5,34,7,11,28
909249,14,21,1,1,10,3,4,23,4,1,33,4,8,7,35,15,3,21,2,0,63,5,5,16,3,10,4,15,14,1,4,18,3,6,38,6,12,3,31,6,9,22,2,1,71,6,9,23,6,13,2,3,8,3,4,12,4,3,9,7,9,6,15,5,7,21,3,5,51,3,8,14,4,10,3,2,10,3,4,8,3,2,29,3,12,4,14,4,6,20,2,4,46,9,10,20
909761,6,13,5,4,14,4,6,4,2,5,21,2,8,6,23,8,4,17,1,3,53,3,4,11,5,10,3,13,10,2,4,10,2,3,21,3,7,4,13,3,9,19,3,5,58,2,7,19,1,5,3,1,6,3,6,6,6,0,7,1,11,5,14,5,7,18,5,3,38,5,3,14,3,7,3,4,5,1,0,8,0,2,17,7,6,9,12,3,8,23,4,3,31,5,15,15
908123,26,48,7,14,54,10,22,48,5,17,92,12,16,31,75,30,17,52,18,11,220,15,15,60,14,41,8,23,63,5,19,90,21,15,110,26,24,24,93,23,42,96,13,14,242,14,24,100,11,35,8,9,24,11,13,36,11,11,33,14,21,25,58,18,14,61,25,11,160,9,20,65,9,40,9,6,22,5,5,28,7,7,89,8,12,33,65,17,25,89,8,12,115,22,34,75
907273,9,14,5,15,14,2,11,18,3,3,15,2,7,4,29,6,7,22,2,4,57,5,4,15,5,9,0,14,15,3,4,23,3,7,23,5,9,4,12,7,5,20,3,4,67,2,10,22,3,8,1,7,1,4,2,8,1,2,8,0,7,4,20,6,6,19,1,1,45,6,4,15,2,12,7,3,7,0,2,6,1,2,20,6,8,5,23,7,7,22,1,6,49,8,12,27
683665,6,14,2,3,13,0,5,11,2,3,23,0,9,3,24,4,3,17,5,3,48,2,2,22,3,11,0,8,6,3,5,16,6,3,26,6,7,4,18,7,12,23,1,4,53,5,12,23,2,5,1,2,7,3,5,5,2,0,9,5,3,7,12,3,3,18,3,2,38,4,7,15,5,13,2,3,6,1,1,11,1,1,29,3,3,2,18,4,4,31,0,4,39,4,11,15
1327765,3,5,0,3,10,1,1,11,4,3,10,0,5,2,11,4,1,10,3,1,58,4,4,14,3,10,1,13,8,2,1,17,9,1,13,1,4,3,18,5,11,13,2,0,38,3,6,16,3,7,0,6,4,0,1,6,2,2,3,5,4,3,11,2,6,17,2,0,37,3,2,17,1,8,3,1,6,2,3,9,2,0,21,1,1,6,13,4,2,19,1,3,40,1,9,10
906791,6,16,6,7,9,3,8,12,5,3,23,8,12,11,23,6,4,23,6,4,67,3,5,33,10,15,5,14,12,1,7,19,9,6,35,7,5,8,33,9,8,26,3,2,78,8,10,28,4,11,5,3,6,1,4,12,3,2,9,6,5,4,19,5,10,12,4,2,37,8,2,20,4,15,3,2,15,4,1,11,3,3,29,3,10,7,28,10,9,28,0,0,38,8,14,24
753600,7,14,3,1,9,1,7,18,1,2,20,2,14,5,19,6,8,19,8,2,59,5,3,20,3,6,1,26,9,5,0,20,10,6,26,4,7,6,24,15,5,19,4,4,54,7,7,22,1,10,2,2,8,3,5,16,6,2,8,3,4,4,16,10,5,11,5,3,33,4,3,20,5,4,7,4,16,0,0,11,4,1,27,4,3,28,45,10,17,27,7,2,43,9,31,38
905956,9,14,8,1,10,0,2,8,1,1,12,2,6,6,20,8,5,20,5,3,43,0,6,11,5,4,3,2,6,5,6,16,4,4,20,7,5,6,41,6,6,50,3,4,55,5,6,41,4,4,1,1,3,1,5,9,2,2,8,4,5,5,14,7,3,15,4,1,31,1,7,20,4,5,1,1,11,0,1,10,1,1,18,0,5,3,43,5,0,106,1,2,51,5,11,53
687983,3,6,2,4,8,3,4,12,8,0,11,4,3,1,15,5,12,20,1,4,53,3,5,7,1,5,2,7,11,3,5,13,4,6,28,2,6,7,14,9,6,22,5,4,46,8,6,21,2,12,2,3,3,2,5,10,5,0,3,1,2,6,12,11,4,14,3,2,28,6,5,13,1,5,2,3,5,2,1,3,1,3,20,4,5,3,21,13,9,31,1,3,24,4,10,13
1503363,7,7,4,3,7,5,6,14,0,3,26,1,11,9,20,9,4,16,2,1,54,3,8,14,8,8,2,17,9,3,8,15,5,5,34,1,9,1,15,7,11,16,5,2,54,3,7,30,0,5,2,1,7,1,2,8,1,2,8,0,4,7,14,5,3,13,2,3,45,4,3,14,1,8,1,4,8,3,1,2,2,3,16,2,4,10,11,6,3,16,5,3,24,6,13,31
946377,6,13,3,3,13,1,5,10,0,2,19,2,5,5,25,7,6,15,6,3,82,5,4,18,4,7,3,8,5,1,4,14,1,2,21,5,5,7,18,8,8,26,5,3,41,3,5,28,6,8,0,3,5,3,1,8,3,1,8,4,4,5,12,3,3,12,2,4,30,3,4,13,4,8,2,2,6,0,4,7,2,0,18,1,4,5,19,5,7,25,0,2,35,4,9,22
907276,12,10,8,4,18,4,7,17,5,4,32,3,21,10,34,14,8,24,2,4,94,7,10,21,7,10,5,18,18,4,5,26,7,5,24,5,7,10,32,12,9,33,6,6,89,4,10,36,5,13,7,3,12,2,6,7,3,3,12,5,12,6,19,13,4,24,8,3,65,14,11,18,4,14,7,2,9,4,3,3,2,3,33,4,17,11,22,19,13,25,4,3,52,22,17,23
1503364,11,37,10,5,31,8,8,33,6,6,66,4,13,17,47,15,9,34,8,5,121,8,19,41,12,32,4,26,35,8,9,51,14,10,74,13,19,11,47,13,15,38,4,14,133,14,15,48,11,25,6,7,25,6,9,19,4,2,32,10,15,13,22,15,12,48,8,1,82,4,14,48,11,30,8,3,18,7,5,15,5,2,45,9,11,12,35,21,21,38,5,6,82,16,22,34
724878,5,14,6,3,11,2,8,4,1,1,29,4,7,8,31,1,5,14,7,2,47,6,6,19,4,12,6,13,9,1,6,19,2,2,28,2,10,3,23,10,12,22,8,2,59,7,8,30,7,12,1,1,2,3,2,5,3,1,6,3,9,4,15,6,4,19,5,3,37,6,7,19,3,10,3,3,3,1,1,9,1,3,20,3,8,6,26,11,12,25,5,3,30,5,14,33
1503366,5,15,5,9,13,2,10,19,8,3,25,4,9,11,36,14,5,30,1,2,78,5,2,23,4,19,2,13,15,5,9,37,1,4,31,6,5,4,22,8,18,27,7,2,77,4,4,39,4,9,0,3,8,1,2,14,7,3,12,5,6,6,21,8,6,17,6,2,55,2,11,29,4,10,3,3,9,5,3,17,0,2,39,5,6,15,24,4,8,26,3,4,54,7,11,26
908151,14,23,3,6,17,2,2,26,3,4,24,7,12,7,21,13,6,17,2,2,70,8,9,28,8,12,3,14,11,4,5,21,4,4,34,6,14,7,24,15,9,35,5,7,77,4,17,33,4,10,4,4,13,3,4,4,3,1,10,10,17,5,22,7,4,18,3,5,55,8,11,23,2,12,5,4,7,0,7,6,2,1,35,4,16,32,79,13,11,35,3,8,58,25,28,61
909781,6,12,5,2,8,4,5,13,2,3,22,3,7,9,18,11,2,22,1,3,64,5,1,18,2,10,2,12,12,4,4,19,5,5,29,3,8,5,12,7,11,22,1,4,58,8,7,17,6,10,1,2,6,2,3,6,4,1,13,2,7,4,22,5,5,18,1,1,39,7,1,19,4,6,5,1,9,1,2,9,2,0,21,3,5,3,16,7,4,21,2,2,30,12,9,21
1503361,7,11,0,4,8,0,1,10,1,2,15,2,8,6,14,6,4,16,4,1,32,1,4,6,2,5,4,8,8,1,5,17,2,2,17,1,6,5,11,6,8,21,2,3,52,4,7,19,1,7,2,3,7,0,1,12,4,0,9,1,3,4,14,8,6,12,1,2,27,1,4,12,3,4,3,0,5,1,5,1,2,0,12,5,3,4,15,6,2,17,1,1,18,5,8,12
1503370,7,8,5,0,14,2,5,13,2,2,26,3,7,1,20,2,7,16,3,3,69,4,8,14,1,8,2,3,5,1,4,16,4,3,27,3,11,4,18,2,14,17,5,4,58,5,3,22,3,6,2,1,5,4,5,8,4,1,13,3,6,7,13,6,4,20,2,1,43,3,4,14,4,6,6,0,1,3,2,6,0,1,18,5,3,5,19,0,7,25,2,2,27,5,12,23
908147,51,76,26,23,96,10,23,94,18,16,158,17,43,40,154,40,30,109,20,16,440,19,32,121,26,78,13,36,94,23,41,138,22,26,178,38,26,41,120,35,52,142,19,18,525,38,43,141,34,61,11,14,54,13,23,61,14,12,51,25,42,27,90,51,32,106,28,20,447,28,28,126,17,62,25,16,65,11,13,51,3,12,151,27,19,29,87,24,44,103,8,13,217,26,71,94
1503369,36,56,10,21,56,10,22,69,14,9,114,11,39,32,135,46,17,87,21,13,292,19,32,96,28,58,8,19,80,23,26,98,26,21,150,22,53,37,87,37,29,111,17,22,302,45,35,130,25,47,6,9,33,12,22,37,11,9,43,14,33,26,91,32,32,81,20,7,208,27,30,96,16,52,20,9,46,4,4,41,8,9,127,18,27,30,81,41,38,83,13,9,160,39,50,82
909252,16,23,10,6,44,6,3,22,1,5,37,9,9,11,37,13,3,24,3,5,167,7,7,32,7,19,5,19,36,3,5,35,8,6,42,10,9,10,34,13,15,33,8,5,178,22,4,37,6,22,5,7,19,6,4,21,7,5,21,15,9,5,40,10,7,42,8,1,180,5,3,48,3,29,5,3,42,2,2,14,4,5,43,13,12,4,35,12,7,33,4,7,73,11,7,37
1240192,5,12,3,4,15,1,7,10,4,1,25,2,9,3,15,8,8,12,2,3,43,6,6,14,2,11,0,9,13,5,6,10,8,7,28,5,11,5,16,10,10,21,2,2,49,13,2,36,6,16,4,2,5,4,1,13,2,2,15,1,9,6,17,9,4,17,3,2,50,0,3,16,4,11,8,5,13,3,1,8,5,4,28,4,5,4,20,6,3,33,7,2,22,11,10,25
1503365,3,11,2,3,9,3,3,18,2,4,27,8,9,10,30,19,8,21,4,4,97,4,7,30,1,16,0,8,15,5,8,13,1,6,48,6,5,5,17,9,11,30,5,4,81,13,7,41,6,11,1,3,6,6,7,13,5,1,15,3,4,5,21,5,1,21,4,2,57,5,5,23,4,15,7,7,15,3,5,10,3,0,32,2,4,3,16,10,12,53,3,1,53,11,5,18
908442,10,10,0,6,14,5,8,17,3,2,21,4,6,7,22,16,5,14,2,2,58,4,8,17,3,9,2,13,3,0,3,21,3,4,21,3,8,8,22,7,5,23,4,5,75,6,8,22,7,6,3,1,6,3,4,14,3,2,7,6,7,3,18,6,9,15,2,1,67,1,3,18,1,11,1,3,16,0,3,8,2,2,27,5,6,6,15,7,6,33,5,3,43,7,9,26
753607,29,63,16,12,59,12,20,58,17,8,95,15,34,47,117,36,22,80,13,8,254,17,22,79,17,73,10,24,55,19,23,96,25,21,121,21,36,22,90,41,47,112,19,21,263,30,35,114,25,39,9,9,38,18,16,38,17,6,57,16,25,20,75,31,27,64,13,10,186,23,19,82,17,47,11,5,38,14,11,47,9,9,129,16,21,27,91,28,30,81,10,12,133,34,52,85
724825,5,5,1,2,6,3,4,10,2,2,18,2,8,2,9,6,3,6,0,0,46,1,6,15,2,5,0,6,2,5,1,8,4,1,15,3,3,7,16,1,4,16,2,2,54,3,6,16,0,2,1,4,4,3,0,5,2,0,11,1,3,0,12,6,4,13,1,0,31,0,3,9,6,3,0,4,8,2,1,7,2,4,11,1,6,10,24,6,5,24,1,2,20,4,20,24
1330973,9,16,5,1,15,3,7,20,8,2,35,4,15,7,24,11,6,25,7,3,61,13,11,22,8,8,3,9,14,3,6,31,4,8,31,6,22,9,36,21,9,23,4,5,70,15,3,37,2,8,3,5,11,8,4,8,6,3,13,7,11,8,30,18,8,29,11,3,61,7,4,27,3,14,6,2,9,2,1,14,5,2,18,5,13,20,34,11,15,30,7,5,45,19,19,28
1240143,41,74,16,17,64,17,21,58,15,20,125,14,59,35,121,41,24,83,15,14,282,35,24,83,20,69,11,27,79,23,29,107,29,23,152,33,54,34,97,57,35,95,29,21,278,41,33,129,20,42,3,8,35,16,23,37,16,11,58,23,29,25,73,41,27,69,30,12,229,31,30,74,18,45,19,7,38,8,2,35,14,6,120,16,27,30,90,37,42,84,23,20,147,33,60,89
1298141,3,8,2,6,7,2,4,12,0,1,14,0,8,4,15,7,4,17,5,1,31,2,5,10,1,5,1,8,3,1,5,14,2,1,16,1,0,5,12,3,6,16,3,1,40,3,7,12,4,5,1,2,5,3,8,7,1,0,4,1,1,3,10,3,3,13,0,1,29,2,1,17,2,6,3,0,7,0,0,3,3,0,16,1,3,4,10,2,3,21,3,2,20,2,10,15
1503362,2,12,5,6,4,3,2,7,1,4,13,1,3,10,25,11,4,12,2,4,47,5,3,18,2,4,0,7,10,2,10,17,2,3,26,6,6,6,16,2,5,13,2,1,53,6,5,19,6,11,2,5,4,2,2,6,2,1,7,1,1,8,11,4,3,8,3,2,37,5,5,12,3,8,2,3,2,1,0,5,3,4,24,0,3,4,11,7,8,25,1,2,30,5,12,16
907044,4,9,2,2,5,2,6,4,1,2,19,5,7,6,20,8,1,17,1,1,53,6,5,10,3,7,1,7,7,6,4,19,3,3,23,3,8,5,15,5,5,16,4,0,51,4,3,15,2,4,2,0,4,0,1,3,0,1,6,2,4,3,9,5,3,17,1,3,30,5,7,16,2,7,1,2,7,1,1,7,2,3,21,5,3,5,17,3,2,22,1,4,35,9,5,18
1331055,5,9,3,3,18,4,12,16,5,2,11,4,23,12,26,18,7,15,5,5,72,9,8,24,2,10,3,12,18,9,5,27,12,7,30,5,38,10,39,22,13,19,11,8,61,21,12,34,3,9,3,0,7,3,4,16,8,1,7,4,16,9,22,20,6,23,9,6,41,11,5,28,1,9,4,3,9,4,1,11,5,2,20,6,14,14,27,20,16,33,3,1,41,29,19,26
1290722,5,17,6,4,14,5,1,19,3,4,24,3,9,11,29,10,2,15,4,1,69,7,7,19,4,10,2,9,14,2,6,17,6,4,29,5,7,3,21,5,10,29,5,2,70,5,10,26,3,18,3,1,7,0,4,10,2,0,7,6,10,4,15,4,6,12,3,4,44,1,5,8,1,16,4,1,9,1,4,6,2,3,31,4,6,6,18,10,11,24,1,4,42,8,13,29
1503367,5,13,0,7,10,3,4,11,1,4,19,7,6,3,21,5,1,18,2,0,56,1,4,17,5,7,1,8,11,3,5,15,7,4,21,2,5,6,10,7,3,15,2,3,63,1,2,23,3,7,2,2,8,2,1,13,6,3,5,0,3,2,11,10,3,17,4,3,39,3,4,16,3,10,3,0,8,2,0,3,0,1,11,4,5,8,10,4,7,24,0,1,22,3,9,20
1509073,8,18,5,3,4,5,6,12,4,2,33,6,10,8,21,6,5,17,0,2,79,9,8,24,4,15,3,9,12,7,3,27,5,5,38,8,6,5,24,8,6,23,4,3,64,3,11,29,5,10,6,3,6,4,3,11,7,0,6,9,12,2,21,10,9,12,5,2,56,5,4,23,6,11,6,6,10,1,0,9,4,3,28,1,6,7,25,5,8,26,2,1,47,13,20,21
1299070,3,9,2,0,8,2,2,5,4,3,7,1,6,1,19,3,5,12,1,2,27,1,3,7,2,6,0,8,5,1,3,11,2,1,21,5,4,3,15,4,6,21,3,4,31,2,6,20,4,6,1,2,3,2,2,12,4,1,4,1,2,1,9,3,4,9,2,1,33,3,3,14,2,5,3,1,3,2,1,5,2,0,12,2,4,2,18,5,2,20,1,1,29,5,5,15
907045,7,17,0,2,11,2,9,13,2,2,26,2,6,5,19,6,7,12,2,1,52,7,5,21,5,11,2,14,21,2,6,13,1,1,23,6,6,5,28,4,11,40,1,6,61,7,13,19,4,8,0,1,7,2,5,13,5,3,6,2,7,7,11,6,5,15,9,3,53,8,7,18,2,12,6,2,7,2,1,14,3,0,29,4,3,1,21,4,7,29,2,2,40,10,8,27
1303901,7,2,4,6,13,6,8,18,4,1,18,3,11,5,18,9,5,19,3,2,47,4,8,9,6,5,3,4,9,5,4,20,6,6,28,2,14,5,10,11,7,36,5,5,47,15,7,31,3,7,5,1,4,3,3,9,3,1,9,3,4,4,17,12,2,16,2,4,37,7,2,20,4,17,2,1,14,1,2,8,4,4,18,5,10,3,11,7,4,22,3,2,42,5,13,11
1509074,6,16,3,1,13,0,8,11,3,3,18,2,7,11,20,11,4,17,3,3,62,2,5,21,2,5,1,9,18,2,4,20,5,7,23,4,11,12,25,14,12,22,6,4,63,4,7,30,3,6,2,3,11,0,3,11,4,5,8,6,5,1,23,5,7,17,4,4,48,5,4,20,0,6,6,4,8,4,3,7,1,2,14,0,10,10,20,3,6,14,0,3,43,9,6,20
907314,8,10,0,2,20,3,6,19,0,3,25,2,5,6,21,15,2,28,4,6,67,3,9,21,3,22,5,9,15,5,9,23,5,2,30,5,7,5,18,9,8,33,6,3,86,10,7,32,9,8,4,4,4,2,3,9,3,3,8,2,9,2,17,9,10,15,4,1,47,7,6,19,1,9,3,1,8,2,1,6,2,1,32,2,4,7,15,10,7,21,1,5,39,14,22,19
910851,3,6,1,7,10,1,4,12,1,3,13,1,10,6,19,9,6,17,2,4,36,6,4,14,3,7,4,12,11,4,4,10,8,2,26,0,8,6,12,12,6,21,11,3,42,9,5,14,3,9,1,1,4,4,3,7,5,2,9,3,9,2,10,16,5,8,4,0,41,7,2,10,6,11,1,1,1,3,2,7,3,2,16,1,11,2,6,4,5,22,5,3,21,6,8,18
1298358,8,10,1,5,12,3,6,10,0,6,22,4,8,7,27,8,2,15,0,1,76,6,6,19,5,4,1,5,16,3,7,19,4,5,28,5,6,7,19,3,9,25,5,5,66,12,11,34,4,9,1,3,4,1,2,6,8,1,8,2,6,2,12,5,5,11,4,3,47,4,8,18,2,4,3,3,8,3,3,9,1,2,29,2,8,7,22,10,8,33,0,3,36,5,9,23
1524416,8,10,3,4,10,1,7,14,2,4,31,4,3,11,24,13,4,24,2,2,60,2,2,15,4,5,4,8,7,3,6,22,3,5,22,0,10,8,21,4,7,29,3,8,59,4,5,25,8,6,1,3,6,3,3,9,4,3,7,2,6,2,13,10,2,16,5,1,51,1,7,16,3,9,3,4,9,1,1,11,3,1,22,2,3,10,20,12,4,26,3,3,35,8,8,16
1503368,8,14,1,4,11,5,10,11,4,8,17,6,9,3,17,5,4,13,1,1,55,0,2,21,2,3,6,6,10,3,1,16,4,1,20,3,4,4,14,8,9,21,3,1,63,4,7,25,5,8,3,3,5,3,10,6,0,2,8,2,3,4,5,0,9,12,2,1,34,3,4,16,0,11,4,2,5,1,1,7,0,1,26,4,8,8,13,2,2,21,2,5,29,5,11,18
1524418,10,13,2,8,11,3,1,19,1,4,15,1,6,8,14,5,2,23,3,4,60,7,4,13,4,7,0,10,14,1,4,16,6,7,30,8,7,2,21,9,6,27,2,1,55,2,5,17,0,7,2,2,4,1,4,8,2,2,9,4,5,3,16,4,5,15,2,1,42,4,5,15,1,6,4,1,4,4,1,13,0,1,17,6,6,4,12,4,2,22,4,1,18,2,14,16
1524419,9,11,0,1,4,2,4,12,1,3,26,2,13,7,21,3,1,14,4,4,42,4,4,16,7,10,3,13,4,4,2,13,2,5,33,4,1,5,15,4,10,32,4,1,56,5,8,29,4,10,2,2,6,2,3,12,6,2,8,9,4,4,18,7,5,13,5,3,46,4,2,15,3,7,6,2,3,0,0,5,2,4,13,1,5,5,22,8,2,29,1,2,33,8,12,15
688007,2,8,2,2,5,1,4,7,3,2,21,1,10,5,20,8,4,19,2,0,46,2,6,16,6,6,0,5,6,3,4,25,6,1,23,7,11,6,17,7,9,24,3,3,42,13,11,19,3,7,1,1,4,3,3,10,3,2,13,3,13,6,15,15,5,16,6,3,35,7,9,13,2,11,0,1,10,1,1,5,2,1,14,2,14,42,61,19,19,36,1,1,33,7,45,37
907788,14,36,11,4,40,9,9,32,14,4,37,32,10,10,59,25,4,40,7,2,131,47,6,54,5,36,7,6,52,2,10,69,12,3,54,15,26,3,51,61,8,60,18,2,104,137,10,58,3,35,6,1,26,9,5,25,15,2,23,22,13,4,70,36,3,90,9,6,115,65,5,101,1,58,4,0,80,4,1,23,6,2,50,11,18,8,47,27,9,52,9,2,69,74,15,42
1524414,6,13,1,2,7,1,7,14,2,1,18,3,7,8,24,8,4,20,2,1,70,3,13,17,7,7,1,7,22,3,4,24,5,5,26,1,9,5,19,8,10,22,3,2,74,9,4,22,3,6,3,3,3,4,2,9,3,3,11,7,5,3,7,5,7,18,2,2,56,2,2,20,3,10,1,1,15,0,0,10,3,3,20,1,5,8,12,4,2,22,2,3,37,7,8,18
1331048,7,12,1,3,14,5,7,13,6,5,18,1,8,8,19,7,7,15,1,2,68,2,7,12,0,10,1,13,9,5,4,18,6,5,31,7,5,2,18,2,5,27,3,4,53,3,5,16,3,11,2,4,5,4,4,4,4,2,10,2,4,5,11,4,5,19,1,1,43,6,3,21,2,5,6,3,5,2,2,8,1,4,17,4,2,6,16,2,8,26,1,1,40,8,9,15
1524417,4,16,2,7,6,1,3,18,2,2,20,6,7,7,25,5,5,22,3,3,56,6,9,15,4,10,0,8,8,1,10,16,8,7,23,5,5,4,13,7,8,26,3,3,67,7,6,21,2,5,2,2,6,3,8,9,3,2,4,2,5,3,14,6,1,17,7,2,39,5,5,12,3,12,4,3,15,1,1,6,1,1,22,3,5,7,19,2,9,40,4,5,36,8,8,17
1240221,7,13,2,3,12,2,5,11,2,5,22,1,8,5,25,11,1,18,4,1,51,7,2,19,6,9,1,5,11,0,8,9,6,7,14,5,33,2,9,29,9,34,7,4,57,17,7,24,1,9,3,2,10,3,5,12,2,3,4,3,14,2,15,8,4,11,4,1,31,8,6,14,4,7,4,3,9,0,2,8,1,1,16,4,10,5,15,11,8,16,4,5,33,11,10,17
1331049,0,8,2,0,7,2,9,8,3,2,19,3,14,7,20,6,1,18,0,3,44,5,8,15,6,7,1,9,5,4,6,15,3,4,21,4,7,6,12,3,5,19,5,3,33,2,9,25,4,9,2,3,7,3,0,7,2,3,5,6,6,7,14,5,3,18,3,0,32,8,2,14,0,7,3,3,7,1,1,1,4,1,18,0,5,7,19,5,7,23,2,0,26,5,10,18
1331032,4,12,4,6,17,7,6,7,4,5,22,1,10,13,23,6,3,19,1,2,46,4,6,14,3,10,2,15,14,1,3,16,3,2,23,1,9,6,19,5,8,16,4,5,61,7,7,25,6,9,1,0,9,5,6,8,7,2,12,8,11,3,13,4,4,20,5,1,53,6,3,13,5,10,6,4,11,1,0,4,1,3,21,3,9,1,24,9,4,14,1,1,43,9,9,23
687506,4,8,2,1,16,3,1,7,0,0,22,3,5,6,20,8,4,19,3,2,53,4,4,15,1,7,3,5,7,3,5,18,2,5,21,2,4,6,8,7,8,23,1,4,48,4,8,20,6,7,2,2,9,4,5,7,2,2,8,4,5,2,13,8,6,14,3,4,35,1,2,20,3,3,2,4,5,2,2,7,1,2,17,4,7,26,29,3,5,25,1,4,28,4,24,26
1298537,7,12,6,1,12,0,2,12,2,1,13,2,11,2,20,12,6,20,3,2,61,3,3,25,1,12,2,7,12,6,6,16,8,5,25,2,9,3,11,12,14,22,8,2,64,11,13,29,3,5,3,4,6,1,3,10,6,2,9,8,2,5,16,6,9,28,7,1,52,3,2,15,2,10,5,4,5,1,1,5,2,1,17,2,6,6,17,8,9,19,4,8,45,12,12,21
1295741,10,16,6,6,12,5,8,22,4,5,40,6,6,12,20,10,7,29,2,1,74,12,7,18,9,12,0,9,12,2,7,24,8,3,38,8,10,11,20,12,15,29,5,5,66,6,12,18,4,15,1,5,14,3,4,16,3,4,10,8,14,5,23,15,12,27,6,3,66,5,11,25,3,14,4,7,16,3,1,14,3,4,40,4,11,7,20,5,6,20,3,1,46,11,11,19
1330991,3,6,1,3,13,3,7,16,4,2,23,0,9,6,24,7,3,16,1,2,69,6,6,20,3,10,3,10,16,3,7,15,2,6,26,5,4,9,19,5,4,22,7,4,60,5,5,25,3,9,2,4,6,2,1,12,4,6,9,6,10,6,12,5,4,12,4,2,41,3,4,18,3,8,5,7,11,2,2,6,1,1,20,3,9,8,17,7,5,14,3,2,39,19,12,21
908144,3,9,0,1,7,2,2,10,2,2,16,1,6,1,16,4,6,13,4,1,45,1,6,14,4,5,3,8,6,4,2,11,2,4,15,3,4,5,6,2,8,21,3,3,38,6,4,11,6,3,2,1,8,2,5,3,0,1,6,5,2,1,17,6,2,9,4,0,43,2,1,15,1,5,2,1,5,1,1,9,0,1,16,3,3,4,16,8,2,14,4,3,33,3,6,16
1299059,3,11,5,5,6,2,3,15,3,0,20,2,1,4,14,12,4,15,0,2,48,6,5,19,5,9,3,13,10,4,6,16,1,4,18,2,10,3,20,6,6,25,4,2,60,5,3,21,5,3,4,3,3,2,7,7,2,3,6,9,4,3,16,10,4,16,4,3,32,6,1,20,3,10,0,0,7,1,1,2,0,0,19,1,2,8,17,8,6,17,4,1,32,8,17,12
907281,6,17,2,5,10,4,9,13,3,2,32,4,7,6,28,19,3,14,0,1,80,5,1,21,6,11,6,15,15,1,8,16,1,5,29,6,10,7,26,8,13,38,4,5,73,7,11,29,6,17,1,7,10,4,8,7,3,1,11,6,8,4,22,8,3,23,3,2,55,9,8,24,4,16,4,5,9,3,2,10,1,2,29,4,5,7,20,9,7,22,1,1,40,12,21,26
1330983,6,27,2,5,27,2,8,24,5,2,40,7,5,9,34,10,5,28,2,6,53,7,10,21,9,16,7,17,30,10,13,41,15,7,48,8,11,8,23,7,12,39,11,14,69,4,6,51,7,22,1,5,9,4,14,22,5,1,26,8,13,13,19,4,6,28,8,9,40,8,6,34,9,11,9,5,13,4,3,29,3,2,35,5,6,9,25,6,8,36,3,6,48,7,18,23
1331045,12,18,3,6,15,3,3,12,2,3,28,5,7,5,31,11,5,22,2,4,54,6,4,18,6,8,5,10,8,1,4,18,3,1,28,5,8,10,19,9,4,21,2,2,59,5,7,31,6,8,2,4,5,0,6,15,3,3,10,5,6,5,11,6,2,17,4,1,45,5,11,11,6,7,4,3,7,3,2,10,1,2,22,5,7,6,7,8,4,14,4,2,43,4,14,19
1297446,6,23,5,7,33,4,9,29,3,6,40,5,11,10,101,12,6,34,3,3,137,6,13,60,5,12,2,13,33,6,14,66,9,7,70,10,21,6,47,25,13,42,6,14,119,50,9,71,3,20,2,3,17,5,7,38,6,2,17,10,6,7,143,8,9,44,10,2,139,24,11,103,3,20,5,6,35,4,6,29,3,6,31,2,10,11,54,12,8,40,4,4,65,29,15,48
1303897,7,9,3,3,11,1,7,12,0,1,16,3,6,5,21,6,1,16,5,2,56,6,8,13,3,9,1,6,7,3,1,11,2,2,25,6,6,6,20,10,8,27,3,2,56,4,6,18,3,5,1,1,6,4,3,9,1,2,9,2,2,3,18,6,1,18,5,1,46,3,5,16,1,4,3,3,9,0,0,3,0,2,12,3,2,6,16,1,7,22,2,1,35,10,12,18
1330942,5,14,1,1,13,2,7,10,2,1,25,7,6,5,30,6,4,16,4,3,67,0,6,15,11,11,3,8,14,4,7,24,3,2,27,8,4,9,22,6,6,25,3,4,83,4,5,21,3,11,2,4,0,3,1,5,4,0,5,8,5,4,16,2,2,13,2,3,40,4,2,21,3,8,6,3,6,1,2,5,0,4,22,1,8,4,16,6,8,18,3,2,46,3,7,19
1298539,11,8,2,2,9,4,5,15,2,3,18,2,11,7,22,9,4,9,2,2,58,3,7,10,3,5,3,7,11,3,3,18,4,4,30,3,3,9,22,7,9,22,3,6,77,6,9,19,5,5,0,6,6,1,7,13,3,0,8,6,4,4,17,9,8,19,7,1,34,4,11,12,2,4,2,2,9,1,3,8,0,2,25,4,8,5,11,6,10,14,2,7,35,5,10,17
1330995,4,11,5,4,13,3,6,10,4,3,30,5,3,7,17,7,9,13,5,1,77,1,5,20,1,7,5,11,19,5,6,21,7,3,20,7,2,5,21,6,14,24,5,7,82,6,13,21,1,7,1,0,8,4,4,15,9,1,13,2,9,8,19,4,6,18,1,3,55,3,9,36,2,9,9,4,4,3,0,6,1,2,18,6,8,12,17,7,15,23,0,4,39,10,13,32
1298533,2,8,1,2,6,3,1,4,1,4,18,2,3,3,14,7,0,10,0,2,41,3,3,8,1,7,1,6,7,0,4,10,2,7,24,5,5,8,10,6,5,14,1,3,50,4,7,17,2,2,2,2,3,0,0,3,2,1,5,5,2,3,13,2,5,14,1,1,30,2,2,8,1,6,0,1,3,2,1,4,0,0,18,2,2,5,9,6,0,25,1,1,18,8,7,14
949157,6,7,3,5,5,2,5,9,1,1,20,4,5,1,19,9,8,16,3,5,43,3,7,15,4,6,1,6,8,4,6,13,4,3,25,7,2,7,15,8,4,16,3,6,52,11,7,18,2,8,1,3,6,0,5,11,1,3,11,1,6,3,8,7,5,16,1,3,40,6,0,23,2,12,3,3,6,3,1,8,1,0,13,0,6,9,13,1,2,20,0,1,28,8,7,24
1290724,8,19,3,3,11,4,7,11,1,0,18,1,11,3,20,10,2,19,3,1,46,3,0,17,4,5,2,9,11,2,5,15,3,4,16,4,9,6,24,5,10,19,4,2,63,2,5,24,3,10,1,1,5,2,4,5,4,1,8,3,7,2,17,5,5,13,0,0,34,3,1,10,1,5,1,3,9,1,0,6,1,1,19,6,2,7,18,7,4,31,6,4,33,8,10,19
909769,6,14,4,4,17,3,4,9,2,2,27,4,14,3,16,7,2,13,3,4,62,5,5,6,5,8,3,7,10,3,4,14,3,4,28,3,3,2,22,8,5,30,4,5,57,1,6,26,4,2,2,3,5,3,5,8,3,2,11,3,3,4,12,7,7,12,4,2,34,3,7,21,1,8,0,1,7,3,3,9,1,3,27,1,2,8,13,9,10,17,5,1,41,7,7,21
1299064,5,13,2,2,6,3,5,12,2,0,19,4,8,11,20,9,9,14,5,2,56,3,4,17,7,5,2,10,12,4,1,14,4,5,25,2,4,9,22,8,9,28,7,2,66,5,7,27,1,13,3,3,5,2,5,12,1,1,4,6,6,3,16,5,2,24,4,1,41,6,4,23,3,8,2,3,11,0,1,2,0,6,18,4,6,5,16,6,5,24,2,2,31,4,12,18
907176,4,8,5,3,4,2,3,6,0,1,16,1,1,3,14,4,2,13,0,4,37,3,4,11,2,4,0,8,13,1,8,12,2,3,26,4,9,3,10,10,6,21,3,2,53,6,7,14,4,4,0,1,3,1,3,5,3,2,7,2,25,8,7,3,4,12,5,1,38,7,6,7,2,5,2,3,5,0,0,9,0,1,14,1,9,3,9,8,5,15,6,2,32,9,7,16
1298353,31,65,17,17,65,10,17,50,18,10,109,19,48,32,116,55,13,72,28,18,235,25,20,106,25,54,11,22,67,18,29,81,25,15,138,40,64,29,89,66,41,89,36,9,232,55,38,105,21,29,9,10,25,10,11,37,21,9,39,13,55,21,67,39,28,63,27,13,161,30,19,79,19,53,14,6,43,12,8,33,18,10,115,16,41,31,108,56,35,69,13,19,149,46,64,106
687985,9,17,6,3,11,3,1,13,4,2,25,2,17,11,18,11,5,16,2,0,45,9,5,14,3,6,1,13,13,3,3,22,4,4,17,10,15,5,19,18,7,26,8,6,49,6,4,24,3,11,1,0,6,4,2,5,8,0,8,4,4,4,20,14,5,11,9,1,34,6,6,15,1,9,4,8,8,1,0,6,4,2,17,3,5,5,15,14,8,29,5,3,37,13,12,27
907062,4,7,4,1,10,3,1,11,1,3,15,1,9,5,14,6,1,6,1,2,51,2,2,16,3,4,2,6,4,1,3,11,6,6,17,4,2,3,17,6,8,15,3,3,55,3,12,22,4,5,1,3,4,3,2,11,4,2,7,4,11,3,11,1,8,11,3,2,30,1,4,13,2,4,4,5,6,3,3,4,1,0,13,1,9,12,17,2,8,16,3,1,30,4,16,24
1290908,6,6,1,2,6,0,1,6,3,0,14,4,9,2,22,9,4,19,5,0,58,5,4,19,0,4,4,7,8,4,3,19,2,1,20,3,10,10,10,4,10,12,3,2,48,5,3,22,3,4,2,0,3,0,0,9,2,1,2,1,3,5,9,9,5,16,2,1,38,2,8,9,5,6,1,1,7,1,0,7,3,0,16,2,6,13,33,5,10,30,0,5,36,3,29,22
1331025,3,12,4,4,11,1,5,10,3,4,20,4,11,5,19,11,6,16,2,2,54,2,6,12,5,8,1,7,9,4,5,18,0,5,19,5,9,8,12,5,11,12,4,0,45,4,8,21,9,8,2,4,11,0,5,6,0,0,8,5,6,3,5,2,0,17,4,2,40,5,6,16,0,9,8,2,8,2,1,5,1,2,23,6,3,2,9,2,4,31,3,2,24,5,9,13
753620,5,15,2,1,13,2,5,11,3,1,28,1,5,7,25,9,9,18,2,1,51,9,7,14,8,9,0,12,13,3,7,16,6,5,38,2,2,7,22,4,10,22,2,6,59,6,9,24,5,7,2,3,7,4,6,10,2,1,15,5,8,4,11,3,8,21,0,1,43,4,9,21,1,7,3,3,9,4,0,6,2,1,25,4,4,6,15,8,7,29,5,3,35,7,18,18
1299081,7,17,5,1,12,2,1,8,2,3,23,6,4,8,26,10,6,40,0,10,57,3,2,19,5,14,2,13,9,0,5,20,9,4,23,7,7,5,35,4,7,55,6,4,66,4,9,56,11,7,2,3,6,3,10,16,3,0,8,4,7,8,10,4,4,19,4,2,39,7,2,20,0,9,5,4,5,3,2,6,3,2,18,1,6,7,54,8,2,108,5,1,79,5,11,40
687777,5,7,1,1,6,3,4,10,1,5,17,2,8,4,20,5,10,10,3,2,31,2,2,10,2,6,3,9,13,3,3,16,5,2,14,3,4,6,12,8,9,25,5,3,59,2,6,21,2,5,0,0,6,1,7,9,2,2,8,4,6,1,9,4,2,15,2,1,27,5,2,12,1,6,3,1,3,2,1,3,2,2,10,3,0,3,9,4,6,15,3,4,23,6,14,15
749712,8,9,1,6,7,2,5,16,2,1,17,2,9,4,11,4,4,12,2,4,39,3,9,13,2,6,1,5,5,4,2,11,2,1,20,3,4,8,13,5,8,19,4,5,37,2,3,16,1,4,1,0,3,2,4,6,2,1,3,1,2,4,17,8,3,12,2,3,30,9,5,19,3,3,0,1,4,1,1,5,2,2,11,4,4,22,22,9,7,27,2,4,30,7,28,27
909702,2,9,1,2,8,1,6,12,1,1,9,3,11,0,17,9,2,23,1,3,42,8,5,19,2,5,3,8,11,4,4,15,6,5,9,3,11,4,20,8,8,41,5,1,54,6,7,25,0,10,1,1,2,3,4,3,2,1,7,3,8,2,7,7,5,12,3,1,33,3,1,16,1,1,1,3,5,3,1,4,0,1,15,2,2,1,9,8,5,35,4,4,41,7,5,16
924189,4,13,5,7,16,3,8,17,3,3,24,3,13,9,16,8,3,17,4,6,73,8,7,30,3,14,0,9,17,4,3,23,6,8,35,6,9,7,20,11,5,25,4,4,69,5,2,31,7,15,2,2,6,7,4,8,4,2,17,5,13,4,21,10,7,17,5,4,42,13,7,22,1,15,5,2,7,3,3,9,2,0,31,2,8,3,20,9,7,29,5,2,50,16,12,27
1330964,5,9,2,3,6,2,3,8,3,3,14,1,2,10,28,8,6,15,1,4,41,5,4,14,4,9,3,6,11,2,5,11,4,5,15,4,3,5,16,6,5,16,1,4,54,6,5,20,5,11,1,1,3,3,3,3,3,3,7,3,8,1,10,4,1,16,2,3,29,3,9,10,2,2,6,1,3,0,0,6,1,0,9,1,2,6,17,8,7,20,0,2,23,3,10,11
1298146,8,17,5,3,11,1,4,6,6,1,21,2,7,6,21,4,5,10,3,4,48,5,6,18,2,5,1,2,12,3,5,25,5,4,26,7,6,4,20,8,8,23,4,5,64,5,8,13,1,6,3,1,5,2,2,8,2,0,8,4,8,1,21,6,7,16,2,2,59,2,5,16,2,12,2,3,9,1,2,5,2,1,26,3,5,5,15,3,6,12,1,2,38,6,9,22
1331050,6,13,0,5,11,6,4,12,3,4,22,2,4,5,20,7,8,15,3,1,47,4,7,17,3,8,0,8,13,3,6,21,4,2,19,4,4,8,23,5,9,26,2,4,49,4,7,21,3,7,1,3,7,5,2,13,2,1,5,3,7,8,14,6,2,12,2,3,40,6,7,18,3,10,2,1,5,3,4,5,4,0,9,3,3,7,13,6,9,22,2,3,44,8,11,17
1297449,8,25,3,28,24,4,7,20,2,7,15,9,5,6,29,6,5,24,2,4,87,1,5,19,7,13,2,15,23,2,16,38,5,6,46,6,12,3,21,14,10,30,5,2,74,24,9,33,3,25,1,6,28,5,3,19,4,5,29,6,4,6,22,18,4,53,5,1,91,20,5,45,4,14,2,2,26,2,3,15,3,4,37,3,4,1,16,8,5,28,3,1,38,14,8,16
1240124,8,11,5,3,17,2,8,10,0,5,23,4,4,5,37,9,4,22,0,4,53,2,9,15,7,8,3,7,12,3,5,12,1,4,17,3,10,5,19,8,15,29,2,2,80,5,12,30,3,15,2,4,3,2,6,12,5,2,11,4,11,4,14,6,2,13,5,2,59,3,5,23,1,4,5,1,9,0,1,6,3,0,19,4,8,4,13,4,10,23,1,6,56,10,9,33
1330984,6,8,2,3,12,2,3,8,2,4,11,1,3,3,24,2,4,26,1,2,53,3,8,16,9,4,1,10,8,3,2,14,4,8,24,2,3,2,12,6,9,15,2,1,57,1,7,26,0,5,1,5,13,4,1,6,2,1,6,3,1,2,8,8,0,17,4,4,37,3,6,12,3,6,0,1,3,0,1,8,1,2,17,3,4,6,12,4,4,27,0,1,28,2,11,27
910942,8,19,2,2,12,4,3,16,2,2,21,4,8,6,27,8,6,18,4,3,66,2,4,22,5,8,2,7,10,4,6,23,5,6,33,9,3,6,25,7,15,24,3,4,67,2,5,29,6,13,4,4,4,2,1,13,5,1,7,8,10,0,20,11,4,17,4,2,46,7,5,19,3,12,5,4,2,1,3,9,1,1,21,7,4,7,17,6,12,20,3,3,40,7,15,27
1330985,9,10,2,3,12,5,6,17,7,2,22,0,15,5,33,8,7,19,3,3,57,3,6,16,7,7,3,9,11,2,7,22,7,5,24,5,8,5,14,7,8,27,3,3,59,3,10,27,1,7,5,2,5,5,1,11,2,1,15,2,6,3,13,2,4,20,0,3,50,5,4,16,0,8,5,2,8,3,0,11,0,1,22,3,5,9,14,7,7,13,2,2,25,11,7,23
1303912,9,12,4,2,12,3,2,14,3,3,25,5,10,7,24,5,11,28,2,3,71,5,4,16,6,13,2,5,7,4,7,22,7,0,29,3,7,3,26,6,6,26,5,6,70,5,9,31,7,6,4,1,11,4,0,9,5,3,18,7,5,4,18,8,8,19,6,5,48,8,2,24,1,4,3,1,12,0,0,10,3,2,35,5,6,5,23,10,6,31,1,3,46,9,13,22
1331033,4,8,1,3,9,6,5,10,2,4,15,3,10,8,17,10,3,16,5,7,46,4,2,12,5,7,1,8,4,2,3,21,4,0,26,1,5,2,14,8,3,29,1,4,52,3,6,29,3,4,1,3,6,3,3,16,1,1,10,3,5,3,17,8,4,18,2,1,36,7,6,19,2,6,3,2,7,1,1,9,4,2,13,4,3,6,7,3,1,17,0,3,29,4,9,21
1480359,3,9,4,3,6,3,0,10,3,2,28,5,6,5,25,9,7,13,2,2,50,4,8,13,4,5,5,9,11,3,8,15,5,4,24,4,6,8,11,6,15,30,5,1,57,5,10,20,0,11,1,2,5,1,2,6,5,0,6,6,11,4,13,3,5,19,4,3,48,6,7,18,0,9,4,6,9,1,2,5,1,1,19,1,3,2,14,6,6,8,1,1,40,4,11,17
1331035,7,15,8,3,9,3,2,11,2,2,26,4,6,4,28,6,7,14,3,2,53,1,8,12,6,4,3,7,14,4,6,25,5,2,17,5,5,5,21,6,6,25,2,0,45,4,5,25,1,5,0,4,7,4,1,12,4,3,9,7,10,6,13,2,3,18,3,2,45,4,5,6,5,8,5,5,7,3,2,6,2,1,17,8,4,6,24,5,4,32,1,2,35,9,11,26
1331034,7,20,0,5,16,4,13,15,4,7,17,5,11,9,19,8,9,19,0,5,72,4,4,18,5,13,3,13,12,1,6,12,3,8,31,7,8,3,20,9,10,17,6,2,51,4,7,16,3,3,4,5,5,6,3,10,0,1,12,5,8,4,8,7,8,25,6,4,37,6,12,18,2,15,4,6,7,2,2,5,0,2,20,4,7,4,18,3,2,22,3,3,23,10,13,17
908483,4,13,2,5,11,4,2,9,8,6,21,4,17,5,22,9,6,18,4,1,79,12,8,21,3,4,2,7,14,11,9,17,11,2,33,7,20,6,21,13,10,31,9,4,67,19,13,27,3,13,2,1,8,4,5,11,5,1,13,2,10,7,25,18,3,14,4,3,35,15,8,20,2,12,4,4,16,7,2,2,8,2,28,6,16,5,19,20,8,26,7,1,40,18,14,28
1331037,10,17,7,1,13,5,6,12,2,1,16,1,14,3,23,11,2,23,2,0,63,4,3,19,5,8,3,7,9,9,5,15,0,3,20,5,5,5,21,7,6,19,1,2,55,5,4,19,6,11,1,3,5,2,6,7,6,1,2,1,6,4,17,7,7,12,4,2,42,2,5,17,3,3,3,3,12,4,3,8,5,1,18,13,4,4,15,5,4,40,3,3,28,10,8,15
1298475,3,16,3,0,12,0,2,14,0,2,25,2,3,4,18,6,3,18,4,5,60,2,8,12,1,8,3,7,5,1,5,15,4,5,30,2,1,3,17,9,9,22,2,3,51,3,13,21,5,2,2,2,7,1,0,5,1,2,6,1,6,3,12,6,4,17,2,1,27,2,3,13,3,5,2,3,2,4,1,9,0,2,9,1,6,7,10,6,6,31,0,3,25,6,11,19
1480361,4,13,1,3,9,0,4,12,2,6,21,1,8,5,20,6,5,11,1,0,55,2,5,15,5,9,1,3,10,5,5,20,0,1,18,6,2,4,16,6,5,19,1,3,53,4,5,33,3,6,1,2,10,3,4,4,4,0,9,4,9,3,13,5,5,22,11,2,37,1,4,11,1,5,4,2,9,0,1,9,0,2,20,2,3,6,5,4,6,24,4,3,25,7,5,12
1240222,10,22,9,6,9,0,8,20,2,3,21,7,6,7,51,6,5,22,3,1,90,4,8,26,5,13,2,7,24,3,9,25,3,3,42,6,5,7,14,17,4,26,7,2,92,40,6,21,0,10,1,0,2,4,2,25,4,2,16,4,3,3,42,5,3,30,3,1,112,7,3,39,1,13,2,2,9,2,1,8,3,5,25,1,6,6,19,3,6,26,3,2,53,9,8,16
1240197,7,11,7,6,12,0,4,14,1,4,17,2,11,4,30,12,4,20,4,4,73,6,4,14,4,10,2,15,9,0,5,23,4,4,36,3,5,2,14,14,9,18,3,5,51,4,6,25,3,6,2,2,7,2,3,12,1,1,9,3,7,2,15,7,5,14,4,1,54,5,10,21,1,12,5,5,11,1,3,8,1,1,15,4,3,2,15,5,6,27,0,1,31,6,13,22
1331038,7,12,7,3,10,5,8,10,3,1,19,5,6,9,29,10,5,25,2,3,55,5,3,15,7,9,0,12,10,4,5,19,5,1,25,5,8,2,27,5,9,29,1,3,64,7,20,27,2,10,4,7,4,5,1,11,1,3,13,7,4,7,18,8,3,9,3,3,36,6,9,18,4,10,6,2,6,3,2,6,3,2,23,4,4,4,23,9,4,39,1,1,32,6,12,29
909715,3,11,3,2,8,2,1,12,1,1,13,6,2,3,16,4,3,18,1,3,40,4,0,9,1,5,1,11,8,3,1,7,5,3,19,3,1,6,11,2,12,25,3,1,60,4,6,15,2,6,2,5,3,4,1,5,3,0,8,5,1,2,17,12,2,12,5,0,22,4,6,12,2,5,2,4,4,1,2,6,1,1,18,2,1,1,12,4,7,20,4,6,29,2,4,17
1480372,5,8,2,3,3,1,1,11,1,1,13,6,7,5,14,8,4,13,4,0,34,4,4,16,3,9,2,6,7,1,6,14,3,5,12,3,8,3,15,3,12,14,4,2,41,2,4,17,2,6,0,1,3,0,4,11,4,0,5,2,6,4,10,7,3,16,3,1,26,2,3,10,3,5,2,1,8,2,1,7,2,0,10,2,2,5,10,6,6,16,1,2,23,5,10,8
1298226,1,5,1,1,5,1,4,3,4,0,8,2,2,4,9,2,3,6,1,3,19,4,5,11,1,5,1,12,6,1,2,14,5,2,17,1,4,3,7,7,7,14,4,4,37,3,4,12,6,6,0,2,2,2,3,4,2,0,2,1,3,3,6,5,2,13,1,1,22,2,2,7,4,4,1,2,7,0,1,5,0,0,9,1,6,6,16,2,2,15,0,1,20,5,9,17
1480358,4,13,6,10,12,5,3,11,4,2,23,1,4,6,22,13,7,19,2,3,57,2,7,18,9,9,2,4,15,6,6,24,8,3,26,5,8,5,31,3,6,34,1,4,65,6,4,21,1,7,1,8,2,1,4,8,3,2,10,7,7,2,20,7,8,28,3,1,37,5,7,17,5,9,3,2,5,3,5,8,0,2,19,6,4,8,13,7,9,12,0,3,28,13,12,18
1322212,3,6,3,2,6,0,4,8,2,0,9,5,11,8,16,5,4,15,4,3,39,4,7,17,4,11,0,5,9,1,4,12,1,0,21,4,8,4,13,7,4,19,3,4,37,13,7,19,2,5,1,1,5,0,5,8,2,2,9,3,4,2,14,10,2,10,9,6,34,6,5,9,2,10,3,2,5,4,1,10,2,1,16,3,3,5,8,8,2,21,6,3,28,3,21,18
1480364,35,71,10,17,65,12,22,64,8,15,129,16,29,37,132,35,16,75,17,10,282,15,33,100,26,75,11,39,65,21,28,115,21,21,135,14,31,29,82,33,45,104,17,19,289,20,37,119,28,41,8,9,41,12,27,57,12,13,48,18,28,20,92,23,27,80,15,10,207,17,26,104,12,48,20,9,44,8,7,38,4,8,127,20,21,27,98,31,41,91,14,16,169,33,47,91
724839,7,8,4,4,11,3,5,6,1,2,10,3,6,8,21,9,8,23,2,3,44,1,5,9,4,7,3,6,13,2,2,14,2,7,18,4,7,7,17,5,5,23,3,4,43,4,7,20,2,8,1,4,5,1,4,14,5,1,12,4,8,11,9,6,2,15,6,2,46,1,6,14,1,8,8,1,6,1,2,7,2,0,10,2,15,73,90,13,26,37,3,8,54,8,78,47
1503373,7,10,3,3,11,2,5,5,4,2,21,0,7,2,16,2,3,17,4,1,45,2,2,10,1,5,0,8,11,1,6,11,3,7,17,1,8,7,17,4,9,13,3,2,38,5,4,19,2,6,0,0,5,2,5,7,3,2,9,0,1,2,10,5,3,11,3,1,31,3,4,12,4,4,0,2,3,3,0,5,0,0,22,1,1,5,11,9,6,18,0,1,22,3,6,11
910780,4,6,1,5,7,3,3,10,2,2,20,4,12,7,19,9,7,14,3,2,52,3,4,16,7,4,1,3,11,3,6,17,3,9,28,0,21,2,25,6,12,19,9,7,61,6,11,21,3,12,3,1,6,2,3,12,4,3,10,6,26,2,17,13,7,12,2,1,35,10,5,21,4,8,1,3,5,1,1,5,0,0,14,4,14,4,16,6,9,21,2,2,43,20,6,20
907287,1,9,18,3,8,15,8,7,34,3,17,14,9,6,26,4,2,15,3,1,48,8,5,12,11,5,18,9,8,28,22,10,63,20,18,26,10,7,19,21,3,19,10,1,50,14,8,20,7,14,28,2,6,18,13,13,54,7,10,24,5,4,18,8,1,13,3,0,41,7,4,16,7,11,19,6,7,12,1,9,33,8,28,18,7,5,17,9,5,25,1,1,27,22,9,27
907000,46,16,7,7,10,4,12,15,1,10,19,3,10,3,16,4,3,21,4,2,71,14,0,21,2,15,0,11,4,3,8,25,6,5,15,2,7,4,15,7,6,26,4,3,55,15,10,19,7,8,2,2,16,3,1,9,3,8,11,3,3,4,14,10,6,25,4,0,67,6,6,24,13,8,2,4,10,2,2,6,1,0,16,3,42,5,22,11,8,33,6,0,115,194,15,25
1480374,9,12,6,1,15,1,6,16,2,2,14,5,12,7,23,8,4,14,5,2,52,3,5,10,5,4,3,10,2,4,6,15,3,7,32,3,4,6,23,14,8,14,1,5,40,6,8,25,4,8,3,2,3,2,3,6,3,2,7,4,5,4,15,5,3,13,0,1,37,1,4,8,5,8,5,2,7,0,1,4,1,3,18,5,3,10,10,4,2,32,2,4,29,4,11,22
1290795,6,9,2,3,5,2,2,3,1,3,11,0,5,2,16,5,1,10,0,1,27,1,3,9,3,5,2,11,10,0,2,8,1,1,15,3,7,6,9,4,6,11,1,6,32,3,3,15,1,8,1,0,6,1,3,6,3,3,6,4,4,2,13,2,4,4,4,1,27,5,0,11,0,8,0,2,6,0,2,3,0,1,18,1,1,4,11,4,4,21,0,1,27,7,9,14
1330982,5,10,7,3,13,2,3,4,1,2,16,4,11,9,30,7,7,27,4,3,56,4,4,14,4,9,6,9,6,0,4,15,1,2,25,5,9,11,10,5,6,26,6,1,53,6,2,27,2,8,2,5,4,2,2,5,5,3,10,4,9,5,14,5,5,19,3,2,51,4,10,18,4,6,5,4,6,4,1,8,2,0,22,2,3,6,17,3,7,27,1,2,37,4,13,19
1479995,3,6,3,1,5,2,8,8,1,4,17,2,2,7,21,13,3,11,2,4,47,4,2,13,5,5,1,8,6,4,2,20,3,2,22,1,6,9,14,8,9,19,5,1,39,5,5,11,3,3,3,1,4,1,3,13,1,1,7,4,6,0,18,8,3,8,2,5,28,3,4,17,0,5,3,1,6,0,0,9,0,3,17,1,1,2,12,3,2,16,0,1,31,8,9,14
1322224,8,9,2,5,12,2,8,7,5,5,20,4,8,3,22,4,5,13,3,2,50,5,2,18,5,3,2,3,8,0,7,22,7,7,26,7,4,7,19,13,6,24,7,5,65,7,8,24,3,9,1,3,6,2,1,11,1,2,4,8,3,1,17,4,8,16,4,5,54,9,2,17,3,9,3,2,9,0,2,5,1,1,24,2,4,9,14,7,7,22,3,2,37,9,14,15
1331039,7,24,6,4,15,9,10,12,24,1,21,6,12,5,41,6,5,103,3,3,62,7,6,76,3,13,4,12,25,15,10,21,23,1,33,10,9,8,48,16,7,133,3,3,92,22,10,84,1,9,3,3,14,3,6,17,6,0,9,8,3,4,43,11,7,51,4,1,54,10,6,48,3,11,11,6,23,12,3,11,6,6,27,2,4,4,59,7,7,116,5,4,43,17,16,109
1480360,6,21,2,3,8,4,8,14,2,1,20,2,8,4,19,7,4,21,3,2,66,6,13,17,4,9,2,10,11,2,9,18,2,4,30,7,3,11,23,5,12,25,3,4,65,4,5,25,8,12,4,3,11,4,6,13,1,2,2,4,7,1,19,6,3,18,4,4,46,2,2,16,5,12,2,1,6,4,2,6,2,0,18,4,3,5,7,4,3,22,4,0,29,4,6,21
1240215,8,12,4,2,13,3,4,13,1,4,14,2,6,10,22,6,6,13,3,2,56,4,8,12,5,12,3,9,18,1,4,17,6,6,35,6,4,5,11,7,6,15,2,7,52,7,7,19,3,7,4,3,7,2,6,8,0,1,12,4,8,4,11,2,2,13,3,1,22,6,9,22,3,12,3,2,8,1,1,5,0,2,19,2,3,2,10,8,3,17,5,2,45,3,11,12
1479987,36,75,19,17,81,12,32,79,8,9,122,16,23,41,120,34,16,92,23,7,280,13,19,104,21,62,8,24,69,13,27,104,26,22,170,24,25,35,85,29,44,132,15,18,322,26,32,136,21,54,13,8,41,21,16,42,14,13,55,27,26,23,89,29,25,97,21,10,214,20,29,105,22,70,19,12,51,11,16,54,6,6,157,21,21,22,82,19,35,99,14,14,166,32,54,102
1331036,5,9,1,4,16,2,6,11,9,4,18,4,5,1,19,7,4,18,2,1,55,5,7,19,8,3,1,10,12,3,6,19,4,6,37,3,8,3,17,8,10,21,4,5,60,2,12,29,8,10,1,2,7,2,3,11,2,3,10,3,7,7,18,5,9,15,5,1,36,6,11,19,5,5,4,2,7,0,8,6,2,3,21,5,1,5,25,5,5,24,0,4,37,5,17,22
1479988,2,10,2,3,9,1,5,7,1,3,14,1,7,8,21,10,3,21,2,4,52,0,3,19,1,7,1,6,8,2,4,16,3,2,33,5,5,4,9,8,5,28,2,1,43,7,7,19,3,7,2,0,4,1,5,12,3,0,8,4,5,1,11,4,3,17,3,5,36,3,7,18,1,10,2,3,4,1,3,8,0,0,17,6,3,4,19,4,4,30,1,4,35,6,8,26
1298144,4,7,3,0,7,1,7,8,1,4,16,2,8,1,20,12,1,19,4,2,45,2,4,12,3,4,1,6,5,5,6,10,1,3,21,3,2,8,41,4,9,52,5,3,62,2,10,43,5,7,2,1,6,4,5,7,5,1,9,2,0,2,6,1,9,21,6,5,24,4,1,16,0,5,3,2,5,0,0,4,1,1,14,1,2,3,22,9,4,74,0,4,50,6,8,30
753610,6,15,2,4,8,4,6,6,2,2,15,2,6,3,18,7,4,11,4,4,56,3,6,14,5,6,0,7,19,1,5,23,2,3,16,10,7,8,21,5,8,19,4,2,48,0,2,31,5,5,1,2,10,3,4,6,2,2,7,1,8,4,16,4,1,27,1,2,42,6,6,16,1,4,7,3,7,2,1,3,0,0,20,3,6,5,11,2,9,15,3,3,33,5,11,26
1331040,7,7,3,1,8,6,3,8,1,1,17,3,6,7,23,3,0,18,3,4,47,3,7,7,7,5,0,8,11,4,4,13,3,8,18,5,8,10,10,9,14,30,3,4,57,4,6,20,5,6,0,0,7,4,4,5,1,4,7,4,9,6,13,6,5,14,3,2,44,5,5,18,5,6,2,4,6,3,0,8,3,1,17,5,6,4,14,4,5,27,2,3,34,11,13,23
1287706,6,5,3,4,10,2,5,10,3,3,17,6,4,3,15,9,4,22,1,2,47,2,7,19,3,6,1,9,17,0,5,12,0,3,32,6,3,8,42,4,12,49,6,0,46,2,6,39,2,10,1,3,6,0,1,11,1,0,10,0,5,5,10,4,5,20,2,3,35,4,4,15,2,9,5,1,5,0,0,10,1,2,20,4,5,5,52,6,4,113,0,1,57,5,11,48
753551,7,10,7,5,11,5,4,12,4,1,30,4,13,3,23,24,7,20,8,5,40,12,12,14,1,12,3,13,10,4,7,24,10,5,29,7,31,9,13,22,9,16,8,6,56,14,7,34,4,11,5,1,6,5,5,6,3,2,7,5,21,9,24,18,4,21,13,4,35,12,5,11,4,11,6,5,10,4,7,11,2,2,29,6,15,6,28,18,3,30,2,6,48,18,22,28
1327769,4,9,1,4,7,0,2,10,5,3,16,5,18,5,18,6,2,12,3,2,44,4,4,9,8,6,2,11,9,2,5,12,5,2,19,1,37,5,18,7,5,22,6,2,48,7,8,17,2,9,3,5,4,0,2,15,4,2,3,3,18,3,9,10,3,8,1,2,33,10,5,12,1,7,2,2,7,1,0,5,2,3,16,2,13,35,99,16,17,44,5,6,45,12,46,76
1327771,8,8,3,4,14,1,10,10,2,2,23,6,5,5,23,5,6,15,5,4,56,2,5,13,6,12,3,16,15,1,4,19,2,5,26,1,8,3,16,4,10,23,5,2,69,2,5,30,1,14,1,2,5,1,4,4,4,3,4,5,7,5,19,6,7,18,4,1,43,3,7,19,1,12,4,1,11,1,3,3,2,4,26,3,4,1,12,7,3,19,2,5,35,6,4,21
1330931,9,22,6,4,14,4,2,19,2,2,19,2,20,12,80,21,9,18,6,5,89,9,6,41,5,14,2,16,22,3,6,37,8,2,38,3,21,9,46,21,20,30,9,8,81,38,7,57,3,22,2,1,10,3,2,13,5,2,10,2,19,13,112,15,11,41,5,5,96,9,12,98,4,14,6,4,21,3,0,10,3,2,21,5,8,2,50,14,4,30,5,2,37,14,12,42
930299,6,11,3,3,8,1,2,11,4,3,16,3,9,2,23,5,3,22,1,2,58,8,3,13,2,9,2,9,14,2,7,18,4,4,24,2,5,6,18,8,9,29,4,2,53,5,5,21,5,3,1,2,1,4,4,8,3,2,11,3,2,5,14,7,5,15,4,0,39,4,5,20,2,10,1,4,4,3,0,5,0,1,17,0,7,4,28,7,3,30,4,2,42,5,9,15
1330960,3,12,2,1,11,2,1,14,0,0,15,4,7,5,17,6,3,15,2,3,45,2,2,13,2,10,3,2,12,2,5,15,4,4,24,4,6,5,21,3,7,15,5,1,63,3,2,18,1,7,2,2,2,2,1,12,4,1,8,4,5,4,22,2,3,13,2,2,38,5,1,15,1,6,3,1,5,0,0,1,1,0,12,1,3,4,13,6,6,21,1,1,36,8,7,14
1330947,2,13,2,1,7,0,1,12,0,1,14,4,8,5,24,6,3,14,2,1,64,4,1,20,2,10,1,8,13,7,2,11,4,2,31,2,6,5,18,6,17,22,4,4,73,6,10,25,4,7,0,6,5,1,2,6,2,2,7,5,6,4,11,4,5,21,4,5,56,4,3,16,3,9,1,3,9,0,3,4,2,1,16,1,5,2,14,5,8,17,1,2,30,3,9,13
1327774,7,8,1,0,6,2,2,8,0,3,22,1,5,3,16,3,3,9,7,6,41,4,5,11,2,10,3,10,11,2,5,12,3,2,13,4,3,6,20,5,7,21,0,3,59,4,6,18,1,6,1,0,7,2,3,15,2,0,6,2,6,3,14,5,3,18,3,5,53,4,2,12,2,5,3,1,4,1,1,5,2,2,16,4,3,4,16,4,6,15,5,2,29,4,11,15
1480371,8,15,8,2,18,3,8,36,2,0,33,5,9,10,20,7,2,24,5,0,93,4,7,25,7,18,4,7,33,2,6,54,2,5,47,2,9,7,26,29,6,25,6,3,82,48,5,25,5,8,2,2,12,3,10,18,6,1,20,2,9,3,35,4,6,54,7,5,95,6,5,44,3,19,6,5,28,0,1,13,0,1,21,2,6,5,21,3,10,31,0,3,66,12,10,15
1330933,4,5,2,0,5,0,3,11,3,1,16,5,9,3,19,15,2,8,4,0,41,0,2,17,0,6,0,8,13,3,2,23,2,2,21,0,6,2,15,9,13,24,5,3,72,7,6,19,0,5,5,5,9,0,2,2,4,0,5,4,9,8,10,3,10,18,3,4,42,7,6,16,3,5,3,1,11,3,0,2,0,0,13,2,3,6,12,6,4,9,0,1,43,2,3,18
1299050,9,18,3,3,10,3,6,11,0,0,17,1,16,4,16,11,8,10,4,3,76,3,2,15,5,6,2,5,12,2,3,20,3,2,20,4,11,3,9,7,6,22,4,3,53,1,5,14,7,5,4,2,6,3,4,6,2,0,2,2,6,2,19,7,8,21,3,4,40,6,3,28,1,6,3,2,7,1,1,11,1,1,20,1,8,6,23,6,5,17,5,6,31,8,11,23
1240185,9,17,5,2,14,5,6,12,4,5,21,6,14,4,25,12,4,32,5,2,70,3,6,18,2,14,3,14,10,1,9,21,6,4,37,8,17,1,19,8,10,24,9,2,54,15,8,23,4,12,1,2,2,3,4,8,7,2,8,3,17,3,17,11,4,22,10,2,46,12,7,20,2,12,2,2,9,4,0,10,4,3,28,2,16,14,25,12,5,31,1,3,46,14,17,20
1327768,9,13,6,0,9,3,3,7,4,3,20,5,7,5,22,6,7,14,0,0,53,2,9,11,2,10,0,17,10,2,2,11,3,5,19,7,3,8,20,6,5,25,1,3,63,4,6,23,3,9,0,1,7,2,3,5,7,1,12,5,4,2,10,7,1,13,5,1,39,2,5,18,2,7,4,3,6,1,2,5,1,2,19,3,2,4,11,5,4,34,4,1,37,5,5,12
1480367,4,4,2,1,5,1,3,17,3,1,13,3,5,3,25,4,3,15,2,2,50,4,6,17,4,8,1,2,7,1,7,13,3,4,29,6,6,5,14,4,5,33,2,4,45,4,5,21,1,5,3,1,7,3,6,5,1,0,10,1,6,4,17,7,5,12,4,3,39,5,3,11,4,6,3,3,5,2,1,14,3,1,15,3,6,6,21,5,6,21,2,2,19,5,12,18
1327766,9,14,4,1,7,2,6,6,3,3,17,2,9,8,26,13,6,20,1,2,42,5,6,16,7,11,0,5,10,1,4,13,2,2,21,4,9,7,19,9,8,17,6,5,49,12,9,19,5,6,5,1,6,1,0,7,4,2,7,6,4,5,16,8,2,21,7,3,39,8,3,13,3,7,4,1,18,2,0,4,4,1,15,4,10,7,23,9,4,19,3,1,38,8,13,17
1290769,1,14,2,2,8,4,4,6,1,2,20,4,5,5,25,7,2,16,2,0,54,1,9,14,2,6,1,10,4,2,5,10,1,3,16,0,6,4,15,7,7,25,2,1,52,5,6,15,2,7,3,1,6,0,1,5,3,0,7,2,8,2,17,7,2,16,5,1,41,3,4,17,3,6,3,4,3,1,1,8,0,2,8,3,5,9,10,5,5,20,8,1,29,9,7,19
1330981,2,8,4,6,11,0,3,13,0,1,25,0,6,2,26,7,3,20,3,0,55,2,4,12,5,14,2,8,6,3,6,18,2,4,21,4,8,3,11,4,9,23,3,1,54,6,8,24,1,12,1,2,6,3,2,6,2,2,11,7,2,3,13,12,5,15,5,5,34,4,4,12,2,4,1,2,5,1,2,3,1,3,12,2,3,3,15,4,6,28,2,3,27,4,5,18
1327775,4,13,0,3,8,2,2,13,8,3,13,1,7,2,10,7,6,20,3,3,50,4,4,23,6,14,2,4,6,1,7,15,3,2,24,4,3,3,20,7,7,16,2,6,64,7,6,26,5,7,1,0,6,1,6,7,4,1,9,5,4,3,12,6,3,11,2,1,36,3,7,15,0,13,4,1,3,2,1,4,3,2,22,2,6,7,15,2,9,24,0,1,38,6,7,22
1330935,8,12,5,0,8,10,2,8,17,0,27,4,9,4,12,4,3,21,2,2,50,5,6,15,5,7,5,6,9,16,7,18,23,6,17,1,12,0,18,9,8,24,5,4,41,5,5,23,4,5,3,5,6,4,3,6,8,1,9,2,9,1,3,3,8,16,7,2,34,2,5,9,2,12,4,1,9,8,2,6,12,3,8,6,4,3,15,7,4,21,3,3,30,8,13,15
1299062,0,5,2,0,8,2,2,13,6,1,19,3,25,5,27,12,4,13,12,7,32,7,6,9,2,6,8,5,6,7,6,7,15,2,16,6,36,9,25,39,10,21,21,8,52,37,9,29,6,6,7,3,3,3,4,7,4,1,5,1,14,3,21,24,6,14,19,4,30,17,3,16,3,3,2,4,4,8,1,8,2,0,18,1,20,11,16,30,12,25,6,6,18,16,24,26
688001,4,6,2,3,10,2,2,6,2,2,17,2,10,2,16,3,2,15,3,1,51,3,3,14,3,3,4,7,13,5,3,12,2,2,18,1,9,3,22,7,9,30,2,3,75,3,7,15,6,11,3,4,7,4,1,5,3,1,6,1,8,3,12,7,0,17,6,2,33,5,3,13,2,3,6,4,6,2,4,6,0,3,11,4,7,5,13,8,6,15,2,2,32,8,9,13
1298145,5,9,5,2,7,5,1,14,2,0,17,3,8,6,23,11,2,20,3,2,54,6,4,14,3,6,1,4,13,2,5,12,3,5,22,3,4,4,18,7,10,31,2,4,55,6,10,19,2,8,0,4,4,2,2,7,4,3,7,3,4,1,10,2,5,13,5,1,32,2,4,18,2,7,3,4,7,2,1,7,3,1,16,2,7,3,10,6,4,23,2,2,31,6,12,16
1298223,8,12,5,3,16,3,10,13,6,2,14,8,10,5,29,13,5,17,4,3,55,3,6,16,5,9,3,7,13,2,7,17,6,3,32,5,13,4,19,12,6,21,8,5,66,17,6,28,2,9,1,4,4,5,4,4,3,1,8,12,10,4,18,8,1,16,5,4,41,5,1,18,2,5,7,7,8,2,1,9,0,3,19,0,10,4,18,10,10,20,4,0,41,16,15,21
906823,9,11,4,5,21,3,7,11,0,4,21,3,3,3,24,6,5,23,1,4,59,2,11,15,1,6,0,9,12,3,1,22,2,5,25,3,6,5,15,9,7,25,2,4,61,4,4,27,2,9,2,2,6,1,2,10,4,0,10,4,4,3,17,9,7,18,3,1,55,6,3,23,0,13,5,4,3,0,3,4,1,3,25,2,5,5,15,5,9,24,4,2,32,6,9,18
1330950,10,12,1,3,9,2,6,17,5,2,24,5,9,6,31,9,5,17,5,5,63,1,5,14,7,7,3,11,14,3,7,29,7,4,26,5,9,5,24,7,11,25,3,5,73,7,5,24,3,6,6,3,11,4,6,11,8,3,13,4,15,3,16,12,5,13,4,2,46,2,3,19,0,10,2,3,8,3,2,6,4,0,28,4,7,6,15,4,8,21,1,3,44,9,16,16
687980,2,7,1,4,4,2,2,6,1,1,10,1,3,5,16,14,2,18,3,5,23,3,1,6,3,6,2,6,6,4,1,6,4,4,18,5,5,5,9,6,9,20,3,2,36,3,3,20,2,6,0,2,3,2,1,7,3,1,7,1,3,8,17,7,4,11,3,1,26,3,1,15,1,2,2,3,1,0,1,3,1,0,11,2,4,6,11,7,2,18,2,1,14,5,7,13
1290725,2,10,4,1,5,2,2,5,2,1,13,1,4,3,9,0,2,12,1,1,43,3,1,9,2,9,3,9,6,0,2,13,3,3,28,4,2,2,14,2,4,6,2,2,39,3,2,15,2,2,2,1,5,1,0,4,4,3,4,2,2,2,12,5,3,12,5,0,34,3,3,6,1,3,1,2,6,1,0,0,0,2,7,2,3,2,13,3,1,9,2,1,25,3,7,12
1298357,4,16,5,2,7,0,3,16,7,2,18,2,7,3,11,7,1,14,4,2,62,4,8,13,2,5,3,13,10,3,5,14,3,5,27,4,8,6,28,8,7,20,6,3,61,4,2,23,1,9,2,3,3,3,4,7,5,1,7,9,9,3,11,11,6,14,4,1,42,5,4,10,3,9,2,0,4,3,0,1,0,2,23,5,6,3,13,8,2,15,2,5,38,10,3,18
905985,2,18,3,4,9,3,6,11,1,2,23,2,12,6,24,7,3,23,2,0,51,4,4,18,1,7,1,5,8,3,6,17,4,3,28,2,7,5,15,9,10,22,1,3,55,5,6,19,3,4,1,4,3,4,1,9,2,1,7,1,11,2,15,6,4,15,4,2,36,7,7,14,2,9,4,4,8,2,2,6,4,4,20,2,4,6,14,6,8,27,2,2,36,8,13,22
908132,0,2,2,3,6,1,1,8,0,2,6,1,5,2,8,2,0,8,1,2,23,0,1,8,1,5,1,6,4,1,2,9,2,3,6,0,1,0,5,3,1,11,2,2,23,3,5,7,1,5,2,3,3,1,1,4,1,1,4,0,2,2,5,4,0,2,4,0,19,0,3,7,0,1,0,0,0,0,0,4,0,2,5,2,3,4,7,4,0,7,1,2,14,2,1,10
1240144,2,10,4,4,11,3,14,9,2,1,23,1,8,7,23,12,5,15,8,2,51,6,7,19,5,1,1,5,14,10,7,22,10,3,20,7,11,5,20,11,7,26,4,5,51,9,11,22,7,14,1,2,8,3,2,8,5,1,7,6,6,5,14,11,5,15,9,3,47,5,3,14,7,11,8,4,12,1,2,12,4,4,16,5,11,19,37,16,10,34,6,3,45,10,29,39
1330941,8,8,7,4,6,3,1,14,1,4,16,3,6,14,35,6,2,18,3,2,58,5,7,13,5,5,0,5,17,4,5,16,1,2,18,1,7,8,17,7,7,28,1,4,61,3,11,21,3,10,4,3,6,5,3,11,3,1,4,1,5,6,11,3,5,8,5,2,35,6,4,14,2,6,3,2,11,1,2,2,2,1,10,5,5,14,29,5,2,25,2,4,33,5,29,24
909718,2,11,1,3,8,3,2,11,0,2,13,1,5,5,20,9,6,14,0,2,39,4,5,12,5,8,0,11,4,2,2,14,2,2,19,3,2,5,17,6,5,18,4,4,58,2,8,20,2,7,0,2,3,1,4,11,0,4,6,2,6,6,11,4,3,17,6,2,28,1,3,10,3,9,3,6,7,1,2,8,0,1,9,4,3,4,17,7,4,25,2,1,27,9,6,18
1322218,8,13,5,2,17,1,2,10,3,2,23,5,9,6,29,10,5,20,0,1,53,2,8,17,5,6,3,11,16,1,6,21,4,2,38,2,4,5,14,6,10,21,6,1,47,3,7,20,2,11,3,5,8,2,4,7,3,2,8,2,7,4,8,5,0,17,7,3,38,4,5,16,4,7,4,5,13,3,2,4,0,4,25,7,4,3,16,12,5,24,0,2,27,8,11,27
910706,3,7,3,4,6,1,3,6,0,1,18,3,5,5,10,5,2,10,4,3,36,3,4,11,1,4,1,2,9,2,2,10,5,4,18,1,4,6,13,5,3,30,3,1,44,1,7,16,1,6,2,4,3,4,3,8,2,0,13,5,4,1,13,10,5,16,4,0,22,3,5,12,3,6,5,1,8,0,2,7,2,0,11,3,4,3,10,5,7,14,0,3,16,3,7,17
1297439,4,9,0,2,8,2,4,12,3,2,9,0,6,2,16,8,6,12,4,2,39,1,3,16,5,5,3,6,15,4,4,10,3,2,23,2,12,0,13,1,6,20,5,6,40,9,8,9,3,7,2,0,5,1,0,4,2,0,5,2,9,2,5,10,0,10,7,2,34,5,2,10,5,5,3,2,5,3,1,7,4,1,15,1,12,4,9,3,9,20,4,3,26,7,11,12
908133,6,16,5,7,9,4,5,7,2,2,14,3,6,7,22,4,4,20,5,2,36,3,8,12,7,7,1,9,10,3,2,8,2,4,29,8,9,4,20,11,15,18,1,5,59,4,6,28,3,12,3,3,6,1,1,10,1,0,9,1,4,4,9,4,6,10,6,1,48,0,5,14,0,11,5,2,3,2,1,2,1,1,16,0,4,4,14,7,5,25,1,1,23,3,8,17
1240125,3,12,7,2,8,2,3,12,5,1,19,0,6,8,18,7,5,27,7,2,42,3,2,10,6,6,4,12,3,4,5,16,3,1,23,3,6,6,27,3,10,65,6,5,60,2,7,61,9,9,2,3,7,4,6,10,1,1,5,1,8,1,11,5,3,19,3,1,32,3,2,17,2,7,2,3,2,3,0,1,2,4,19,3,1,3,37,6,8,134,1,3,52,1,5,58
909774,5,17,4,5,11,2,5,21,2,6,29,6,9,6,29,11,3,12,3,3,73,3,7,15,2,9,2,11,16,6,6,22,3,3,30,6,6,10,23,5,8,35,7,2,72,5,9,25,10,13,3,4,8,3,4,6,7,2,8,6,8,3,22,8,4,19,6,2,56,10,4,12,2,8,4,7,5,1,3,14,0,1,38,7,9,2,20,7,4,26,0,5,51,15,11,32
910937,7,10,4,10,9,4,1,18,9,1,25,2,9,9,22,9,8,20,4,3,51,5,5,20,8,10,1,8,11,3,6,19,8,7,26,3,15,9,21,8,13,23,11,7,68,6,10,20,2,6,2,4,4,1,4,6,4,2,9,3,5,2,19,10,3,14,4,1,47,3,6,10,2,12,3,5,12,1,0,8,2,5,16,3,8,3,21,11,7,24,4,4,44,9,10,22
688014,5,9,8,2,11,7,4,12,6,1,19,6,12,5,22,15,6,17,6,4,55,13,6,15,4,6,0,12,11,2,5,23,9,2,29,6,27,12,24,14,12,34,5,4,73,23,12,32,1,11,3,4,4,4,5,9,5,3,7,2,17,5,15,13,3,19,8,3,47,7,4,21,3,7,5,1,15,1,2,11,5,2,15,5,9,6,16,18,6,38,3,4,37,11,14,24
749710,3,5,2,5,7,3,4,6,6,2,13,1,5,8,11,5,3,10,3,1,35,2,4,10,4,3,1,7,7,4,2,13,7,3,19,1,6,1,16,8,6,20,6,3,45,3,4,21,1,3,1,1,6,1,0,3,2,1,6,4,4,2,7,4,3,8,2,0,35,2,4,9,1,6,3,3,7,0,1,5,0,1,5,2,2,7,14,5,7,17,3,1,30,4,5,14
1331030,4,9,4,3,10,3,4,12,2,0,14,6,4,4,18,5,3,22,0,5,50,3,6,11,3,8,3,3,11,1,7,14,1,3,22,2,5,7,14,5,6,30,3,2,74,6,6,15,4,8,1,0,6,4,4,6,2,0,12,3,4,6,12,3,3,17,4,1,32,4,4,15,2,8,0,4,8,2,1,5,1,3,22,1,6,7,14,2,7,29,2,3,38,7,11,18
1240193,8,15,3,2,9,4,2,16,4,3,18,2,11,5,28,10,2,22,6,0,53,7,5,21,3,7,2,5,12,3,6,19,7,3,38,3,7,9,21,14,11,30,8,7,53,5,7,23,7,11,3,2,4,5,3,9,2,2,8,5,11,6,15,9,4,18,15,2,39,10,3,17,3,14,2,5,9,2,2,5,3,1,15,2,9,9,16,9,7,30,5,5,36,15,9,29
907791,4,9,1,2,10,1,2,4,3,2,20,1,8,5,13,4,3,18,4,4,50,5,2,8,5,10,3,6,7,5,6,16,4,1,19,2,7,4,17,3,8,16,2,3,37,2,5,20,4,7,0,1,6,1,4,5,0,1,6,2,3,2,13,7,4,8,2,1,26,7,6,18,4,10,1,1,5,3,0,3,3,3,14,2,4,3,15,3,4,19,1,2,29,4,9,12
1330993,5,14,4,5,12,2,4,9,4,1,20,5,10,1,23,7,5,25,3,1,73,6,5,11,3,10,2,9,13,3,4,8,3,1,25,4,8,1,13,10,2,25,5,1,67,5,4,16,4,7,2,4,5,1,2,7,2,0,4,2,10,4,6,5,4,11,6,2,40,5,4,17,2,7,3,6,3,1,0,7,0,3,19,5,5,6,14,5,8,17,1,4,47,6,11,18
1295740,11,14,6,5,12,2,6,16,3,3,35,0,8,6,26,8,3,21,3,3,73,7,5,21,4,16,2,8,18,0,9,30,4,10,40,8,6,10,23,6,16,29,3,3,65,4,2,36,5,12,3,2,8,5,3,12,3,1,7,3,6,4,27,5,8,21,2,2,61,5,6,24,2,10,4,6,12,1,1,6,2,0,31,4,3,5,21,3,5,22,5,4,36,6,15,24
924241,50,99,12,22,83,16,28,81,17,20,140,20,55,37,142,65,31,100,33,12,301,27,33,111,34,69,12,33,78,26,37,120,39,33,193,28,46,34,114,72,47,114,30,28,313,41,48,128,23,59,5,10,35,15,11,51,17,13,57,27,38,30,86,47,29,103,32,23,238,31,30,110,13,61,24,9,46,9,9,44,7,8,165,19,40,30,116,49,43,91,21,16,198,43,68,86
1298347,8,9,7,3,6,2,7,16,3,1,23,6,40,8,33,27,8,11,13,2,63,18,5,23,7,8,5,12,22,10,8,18,26,4,34,12,53,17,26,50,11,27,26,11,69,45,16,43,2,6,5,4,6,1,4,8,7,4,8,14,31,6,17,25,7,19,15,3,42,12,12,17,3,9,9,7,12,6,1,11,7,2,27,10,28,7,22,33,12,28,7,3,44,32,19,20
1297447,1,8,4,1,5,1,2,6,3,4,25,3,12,3,19,10,4,8,4,5,43,3,4,10,1,5,1,19,6,3,2,11,3,3,23,2,8,7,11,9,6,15,3,1,37,2,5,21,7,11,3,6,2,5,3,4,2,0,6,4,4,5,18,6,4,8,3,0,29,2,2,16,3,4,2,11,0,0,0,4,2,2,8,5,9,21,69,10,10,35,2,5,51,6,42,59
924240,4,9,5,4,2,2,4,10,2,2,14,4,6,10,15,5,7,16,0,2,39,1,8,15,2,15,2,5,11,3,2,13,2,5,16,5,8,6,17,6,4,14,0,3,55,5,6,20,2,6,0,3,5,3,2,1,7,1,8,4,6,2,20,4,5,25,6,1,28,9,3,21,3,6,3,5,5,1,5,1,2,1,16,3,10,17,38,3,11,29,4,5,34,13,16,17
1660036,828,75,22,41,108,10,130,36,10,131,65,22,24,14,43,22,6,53,3,0,192,62,6,53,34,37,9,26,38,2,22,31,4,19,57,5,30,7,36,13,10,37,6,10,122,121,12,46,58,70,6,19,75,4,16,16,9,18,35,12,17,5,43,18,5,126,2,5,260,62,9,160,100,56,20,12,66,3,14,10,1,22,66,8,332,10,59,58,11,152,33,3,1274,2498,12,308
1660034,6,30,6,5,28,5,13,29,4,4,23,5,6,6,34,6,4,24,1,3,212,8,0,14,5,12,0,10,33,3,6,35,6,4,39,3,13,2,24,30,9,34,18,3,187,71,5,31,2,21,3,8,17,6,6,22,5,5,18,6,7,2,39,16,4,66,8,4,240,13,3,48,0,9,6,3,40,1,2,15,1,1,31,2,2,8,18,5,12,18,2,3,72,14,10,20
1789883,4,9,3,6,5,2,3,9,1,4,15,1,4,5,20,6,4,16,2,8,56,3,5,14,3,10,2,13,11,2,2,16,7,2,23,3,6,4,9,7,7,17,6,5,54,5,5,24,8,8,1,7,7,5,3,7,0,2,6,5,5,3,12,3,4,15,1,1,46,3,3,10,0,9,0,5,6,4,2,1,0,2,25,5,8,2,16,5,5,21,0,3,33,8,8,22
1659928,14,26,4,13,30,6,13,25,1,5,33,17,4,11,61,6,8,55,1,1,344,8,6,46,3,26,3,17,34,6,5,28,3,4,57,5,15,6,21,40,10,39,10,1,276,131,6,45,3,29,1,4,24,13,11,23,7,2,26,8,15,2,108,20,7,215,4,1,681,55,3,135,0,22,5,5,40,2,1,17,2,0,33,6,5,3,18,10,7,42,0,0,135,36,9,32
1297438,5,5,2,1,8,2,2,13,2,0,13,2,7,6,8,4,8,16,9,1,50,3,4,17,4,6,1,8,12,1,2,20,5,5,23,6,6,5,15,14,2,23,2,1,55,5,4,23,4,6,1,2,4,2,5,8,2,1,8,4,2,5,5,9,5,15,3,3,38,3,7,13,3,8,4,1,5,1,1,6,1,2,12,2,6,9,8,7,9,21,2,1,31,3,6,28
1674021,18,31,11,8,43,3,9,36,4,6,30,14,13,10,40,16,4,27,7,1,111,2,6,26,10,24,6,16,62,5,15,74,14,3,62,10,15,5,16,36,11,25,9,5,111,42,8,33,11,23,6,9,22,9,11,19,9,5,17,6,12,3,54,13,10,68,6,4,131,14,5,46,5,26,10,8,56,6,1,16,4,3,60,9,12,5,23,13,7,26,0,1,63,9,11,22
949090,7,9,5,3,9,6,6,4,3,0,26,0,7,4,15,6,3,11,2,7,31,1,2,13,3,11,0,15,8,2,1,14,2,2,21,4,6,4,20,4,10,16,2,3,49,4,6,19,6,7,0,1,8,1,2,11,1,1,9,4,1,2,18,3,2,16,3,1,27,3,3,12,3,5,3,3,6,2,1,2,2,0,16,2,3,2,11,9,5,20,1,2,30,3,4,16
1330975,4,13,2,4,5,0,0,5,3,1,19,4,6,2,17,4,3,19,1,1,36,1,3,14,0,4,0,9,7,2,3,19,1,6,19,3,5,2,15,4,8,9,5,4,43,2,5,14,0,3,0,3,6,1,2,10,2,0,6,6,6,4,9,7,1,13,2,1,25,3,3,15,1,2,6,5,5,0,1,2,4,0,16,1,2,3,10,7,5,12,2,0,32,3,9,13
907063,10,27,4,39,82,7,30,38,5,6,37,11,7,3,25,10,2,22,2,4,53,3,9,16,4,12,3,25,77,5,27,79,8,7,62,5,8,4,18,8,8,25,3,6,53,11,3,30,6,36,3,16,69,6,12,29,11,4,33,2,2,6,24,4,5,37,4,5,55,8,8,27,7,21,3,11,86,7,5,28,3,2,48,7,1,9,17,6,2,21,4,3,37,15,14,25
908130,12,18,4,8,10,2,5,13,3,1,16,6,5,7,25,6,7,21,2,2,65,6,4,17,9,7,2,13,14,3,5,23,6,7,29,0,9,3,22,6,9,18,13,2,77,24,4,19,2,9,0,3,15,3,6,11,3,2,11,4,2,7,28,9,5,37,2,2,76,11,6,23,0,10,1,5,14,0,1,6,2,0,18,0,1,5,15,2,6,24,3,3,40,9,3,17
946372,3,6,1,2,10,0,2,8,0,2,13,3,7,4,12,4,8,13,3,1,37,2,3,10,1,9,3,10,4,1,4,11,2,4,13,3,5,6,17,3,12,18,1,4,38,3,6,10,0,6,0,1,2,1,2,3,2,4,4,4,3,4,7,5,3,12,3,2,22,1,0,5,0,4,3,2,1,1,2,3,0,2,10,3,2,2,7,2,2,14,0,2,21,4,8,13
908469,12,14,4,5,7,4,7,10,7,5,32,4,17,12,28,18,8,25,6,4,56,13,4,21,3,10,11,9,9,11,6,19,12,5,25,16,29,14,22,31,11,25,15,2,66,12,10,20,4,12,5,5,10,6,3,11,6,2,11,6,16,4,25,10,4,17,9,3,38,11,9,12,3,14,6,4,3,4,0,13,4,3,28,5,20,8,23,12,15,29,6,2,48,16,14,28
908134,4,9,3,6,7,3,0,14,3,4,24,4,11,9,21,7,4,18,0,1,54,4,4,21,6,9,1,14,6,2,4,24,2,5,27,2,8,6,16,6,9,16,3,4,49,5,4,21,0,8,2,3,4,2,4,7,2,0,8,6,4,5,23,6,4,17,4,2,46,3,3,18,3,16,2,7,2,0,1,8,0,2,22,2,4,8,21,6,4,31,1,2,39,6,10,24
753539,7,23,3,5,16,6,7,17,8,2,25,3,12,10,31,5,4,22,4,2,54,7,6,14,5,16,1,16,17,3,6,16,4,2,44,6,5,7,20,11,3,28,3,3,71,6,5,22,2,10,1,6,9,3,1,10,5,1,11,6,8,6,18,9,2,18,9,3,50,3,6,22,4,20,4,5,11,5,1,5,4,2,26,2,6,4,22,7,3,19,4,1,48,7,15,27
1659818,37,62,15,18,51,9,21,54,9,13,89,16,24,32,105,31,23,89,23,12,245,20,18,94,17,56,6,20,64,13,23,89,16,23,137,22,21,37,80,35,41,120,19,24,268,21,28,89,16,41,7,10,37,11,21,53,8,8,48,18,21,24,72,32,18,87,22,17,190,21,31,91,13,41,16,12,44,7,7,39,10,8,101,15,21,32,84,23,27,94,10,13,147,27,55,65
1298526,4,7,1,1,5,1,1,10,0,1,10,1,4,1,17,7,5,8,4,0,46,3,2,15,3,2,3,9,8,1,3,11,3,3,18,6,3,3,14,2,5,22,2,3,50,5,6,16,2,5,2,2,3,2,4,8,4,1,6,1,6,2,6,2,2,16,3,1,32,2,2,10,3,6,1,2,4,2,2,4,1,2,14,3,5,4,16,6,4,20,0,1,24,10,9,16
909727,4,10,1,4,7,2,2,12,1,3,21,7,12,1,11,9,4,17,3,1,43,2,4,13,3,10,0,8,13,2,5,12,2,3,14,5,2,4,21,4,8,40,2,4,61,11,4,27,3,9,0,2,4,3,3,7,3,1,7,1,6,2,15,5,3,22,4,2,45,2,1,19,3,8,5,2,6,2,1,7,0,0,11,4,2,3,22,4,6,53,1,2,44,6,9,28
1298365,4,14,3,5,12,1,3,12,3,2,26,3,8,4,24,12,5,13,4,2,65,2,6,8,3,9,1,14,14,3,3,20,3,4,27,3,6,7,18,7,7,23,0,2,63,1,5,25,4,3,2,1,8,5,2,8,2,0,6,7,9,4,16,6,9,19,5,4,54,8,6,12,0,11,0,7,6,1,1,6,3,0,21,4,4,12,20,8,8,15,0,3,42,7,19,26
908145,4,11,2,2,10,2,4,8,2,1,25,1,9,2,22,6,6,16,3,3,45,1,7,8,7,10,0,7,14,2,3,13,8,6,27,7,9,5,19,7,10,14,0,2,45,2,3,26,4,6,0,2,7,1,3,8,5,0,6,5,5,4,17,2,2,20,3,2,41,3,3,14,2,7,7,3,7,1,3,8,0,5,13,6,4,7,10,9,5,25,1,1,35,8,5,17
1323913,7,9,5,2,9,1,6,15,3,3,13,1,10,5,16,10,2,11,2,1,52,3,5,15,6,6,1,10,5,1,4,10,0,4,25,4,6,8,8,7,9,19,2,2,57,4,5,17,2,8,2,2,5,1,2,7,1,3,13,3,7,5,15,7,5,8,3,1,27,4,3,23,2,11,4,1,6,1,1,8,1,1,28,6,5,5,18,6,3,19,4,1,41,5,5,19
1330994,5,12,4,2,10,1,4,13,2,2,18,2,8,5,19,12,1,17,2,1,178,4,7,17,4,1,3,8,9,3,3,20,3,4,26,1,5,4,16,6,8,22,2,3,209,11,9,23,7,7,1,2,3,1,3,9,4,2,11,5,3,4,17,6,5,9,4,5,241,4,4,25,2,12,3,4,4,1,2,13,4,0,23,4,2,3,21,5,9,22,2,3,56,4,5,21
1298351,35,76,20,16,67,13,30,62,18,14,123,18,63,44,128,66,29,77,36,11,246,41,36,97,18,60,19,33,75,20,27,110,28,23,145,41,81,35,116,88,39,101,40,20,261,75,44,128,19,43,9,12,32,11,13,41,29,11,51,25,39,28,57,50,22,85,38,15,185,35,28,75,13,50,29,12,40,14,7,46,19,4,123,25,47,67,131,71,39,123,31,18,164,58,94,125
1660035,5,14,4,4,8,1,5,13,3,3,16,2,10,3,11,2,5,20,2,2,53,3,4,21,4,8,2,12,15,1,4,13,6,8,36,5,5,4,16,7,9,17,0,2,52,5,5,14,4,7,3,0,8,0,3,5,3,3,5,3,3,3,12,5,4,15,5,3,40,5,2,13,1,5,1,1,11,0,1,2,1,3,17,1,5,3,15,7,7,15,1,1,33,5,10,14
906870,5,4,3,1,11,5,5,9,2,5,24,1,9,3,21,6,4,17,4,2,55,7,5,12,5,4,0,3,10,3,4,20,4,3,27,5,9,5,18,9,12,23,2,4,54,6,6,14,2,5,3,4,4,4,4,12,2,3,9,5,7,3,20,9,3,19,2,3,33,4,3,10,4,6,5,2,5,0,0,5,1,3,17,2,12,3,9,5,8,20,1,2,36,5,8,19
1480362,3,9,2,3,14,3,4,8,0,0,11,2,7,5,22,6,7,15,2,1,47,3,3,15,6,5,1,15,10,3,5,12,5,3,15,2,9,4,15,5,5,18,3,1,64,3,3,23,1,5,1,2,6,1,5,6,1,1,7,2,6,4,9,2,2,15,2,1,34,3,7,18,3,7,1,0,7,1,1,3,0,2,8,3,2,2,16,3,8,23,2,2,23,3,8,26
1298476,6,10,4,4,9,0,10,13,2,1,22,1,3,7,21,4,3,16,2,2,42,4,3,19,4,4,2,7,7,3,2,11,6,1,13,2,2,6,15,7,11,19,5,1,46,1,5,14,0,4,0,1,3,0,3,4,3,2,8,1,4,8,16,7,5,15,4,1,37,3,0,14,2,7,3,1,5,2,1,9,0,0,19,2,4,3,16,8,3,20,1,2,28,10,11,19
1327773,7,6,1,1,11,3,5,13,1,1,18,3,5,4,21,8,6,21,1,1,60,1,9,16,4,6,0,7,8,1,6,16,6,3,17,7,7,5,15,6,9,26,7,4,55,6,11,28,4,5,1,2,5,1,2,5,1,3,9,5,8,6,16,8,6,17,6,3,34,1,7,12,5,10,4,1,9,3,0,6,1,2,18,3,2,3,10,6,4,22,3,2,37,6,12,14
1659823,27,50,14,29,154,6,18,48,7,17,43,13,8,10,158,26,5,109,4,4,573,29,6,66,6,61,4,11,316,5,13,86,8,9,86,5,26,5,63,67,10,167,17,2,687,147,10,90,13,98,19,19,343,18,21,99,44,11,90,7,15,9,479,52,12,567,11,6,2111,112,17,359,1,62,6,6,359,4,1,37,2,7,97,5,13,9,57,45,7,147,4,2,320,87,15,93
1659929,9,13,4,3,11,2,7,13,3,2,31,4,15,11,24,10,3,13,5,1,58,5,9,27,2,10,2,16,10,4,7,19,2,4,19,2,6,7,16,4,6,30,3,3,65,1,3,22,4,12,1,6,10,1,6,13,3,3,11,7,6,2,23,8,6,21,4,5,53,3,5,17,1,6,7,5,5,2,4,3,2,1,20,1,4,5,20,3,12,21,4,3,41,7,14,28
924100,13,34,11,8,22,6,6,21,4,5,14,8,1,6,57,7,3,30,3,5,190,8,5,19,8,15,4,5,26,6,10,65,2,5,38,6,9,1,21,29,11,29,11,3,162,50,9,27,7,26,1,3,14,6,5,20,9,2,18,5,6,6,53,13,11,74,4,3,158,8,4,42,2,22,8,1,25,4,0,26,1,3,33,2,5,6,25,7,7,35,6,1,67,15,12,20
908142,8,11,0,0,7,1,4,6,2,1,17,4,8,11,15,8,5,12,3,3,64,4,6,13,6,8,1,9,12,3,6,18,3,4,33,4,10,6,13,8,5,23,4,5,54,2,3,20,1,8,1,3,1,2,6,17,5,4,6,2,17,4,15,6,1,14,3,2,40,4,1,16,1,7,5,2,8,3,0,7,1,3,18,1,7,8,15,8,7,13,2,1,34,4,8,16
1659819,0,6,3,2,10,3,3,5,2,1,8,4,4,5,21,7,5,17,8,1,39,2,7,9,6,7,4,14,10,0,5,17,3,2,17,3,3,7,9,3,10,13,5,1,36,6,8,15,3,5,1,2,9,4,4,6,4,3,10,2,1,3,15,11,4,13,3,1,29,0,6,10,0,7,2,4,5,1,2,10,1,0,20,3,6,3,12,4,4,22,0,7,23,8,8,15
1299052,5,11,2,4,7,2,4,9,1,2,14,1,4,2,21,9,4,12,1,2,42,3,2,8,3,7,3,10,7,1,3,8,5,4,24,5,10,2,21,4,4,9,2,1,62,5,8,16,3,3,0,2,5,2,4,10,4,1,6,2,8,8,11,5,6,15,3,2,30,3,2,14,8,9,1,2,5,0,2,6,0,2,19,5,4,15,14,6,6,32,3,2,31,8,26,22
1659817,4,5,4,4,5,3,1,8,2,0,13,0,9,5,20,6,3,23,4,0,70,2,2,19,6,6,1,20,9,3,3,21,4,8,18,6,11,7,22,12,7,30,4,1,55,4,5,20,4,9,5,6,7,4,2,10,1,5,8,5,11,2,17,5,8,24,6,4,48,8,4,21,5,12,2,5,7,2,1,8,1,1,31,2,9,1,15,11,6,26,2,3,37,8,11,26
1330948,5,16,2,8,10,2,9,16,6,3,33,0,12,9,30,12,2,21,4,2,76,8,4,18,6,11,1,11,17,3,4,23,5,4,31,3,9,1,25,10,8,26,4,5,76,7,7,35,2,9,4,5,6,0,1,9,2,1,8,10,7,1,22,3,6,15,1,5,59,7,1,21,3,6,1,1,13,5,0,6,0,0,39,2,3,9,13,4,8,14,3,7,40,5,11,32
1298218,9,14,4,2,14,6,3,16,1,4,31,4,8,6,30,7,3,24,4,8,69,5,6,20,4,11,2,14,15,3,5,29,2,6,33,10,7,7,27,6,13,24,3,4,75,3,6,32,3,11,2,5,9,3,7,21,6,3,17,5,9,2,13,7,5,14,3,2,55,4,5,11,6,10,0,3,9,3,2,5,2,0,32,5,7,2,25,5,5,17,1,0,36,5,17,24
1290771,14,25,12,4,14,1,8,18,0,1,17,12,8,4,29,8,4,19,6,3,93,1,10,15,4,13,0,6,12,5,3,32,4,3,23,5,10,6,12,16,5,17,9,6,90,20,9,22,5,11,2,6,13,5,5,15,5,2,10,7,6,7,22,8,4,40,3,4,92,3,2,24,2,8,3,5,14,2,1,15,0,1,21,2,4,9,13,5,4,21,1,6,68,8,3,12
1298160,5,2,6,1,15,2,4,7,3,2,9,2,3,3,16,9,3,19,2,1,30,4,9,8,5,4,0,9,3,1,2,10,0,3,17,3,3,4,41,3,2,68,2,2,52,2,4,53,4,6,4,2,5,2,4,4,3,2,8,1,2,4,11,7,2,28,2,2,26,1,2,15,2,8,3,2,3,0,1,6,1,2,13,2,4,1,47,2,5,157,3,3,59,4,5,49
1299061,5,11,3,4,10,3,7,10,2,0,18,2,8,6,19,5,7,16,1,0,60,0,4,11,4,8,0,11,6,3,2,15,5,3,26,3,0,5,19,6,5,17,3,3,58,4,7,17,6,2,2,3,4,5,3,15,4,1,8,0,5,5,9,5,3,15,6,0,43,1,5,9,4,16,2,2,9,4,2,3,1,1,18,0,4,6,16,4,4,28,4,2,28,4,17,18
1298156,49,80,21,27,71,17,28,79,12,17,144,18,38,35,141,34,30,97,22,10,324,21,35,105,25,74,9,40,81,16,30,117,24,30,174,25,31,40,116,36,48,129,23,22,351,16,39,132,35,51,13,11,36,12,25,46,16,19,63,25,34,24,99,40,37,84,19,11,213,22,16,98,18,61,21,6,48,6,8,51,7,12,164,14,14,28,89,33,30,80,10,15,187,32,56,95
1299069,6,5,3,2,17,2,7,14,1,3,18,3,11,6,25,10,4,15,2,2,57,3,5,18,6,4,3,15,7,6,9,18,4,3,25,4,5,3,17,3,7,21,2,5,70,5,9,15,3,3,4,3,8,5,1,8,0,0,6,7,8,6,8,7,7,16,4,1,55,5,6,4,0,9,2,3,6,0,0,6,1,1,16,1,3,2,8,3,8,8,0,4,37,3,10,16
1290768,5,15,2,4,12,3,1,16,2,2,16,2,5,4,17,9,3,25,4,2,54,3,4,15,6,9,3,13,17,1,5,12,4,4,28,4,6,9,17,7,5,22,2,3,64,5,10,14,3,10,1,1,9,2,4,13,4,6,7,4,3,4,16,5,5,17,2,0,39,8,3,20,4,0,2,4,6,2,2,5,0,1,22,1,3,7,10,4,4,29,1,5,22,4,11,27
910916,5,14,3,4,12,0,3,14,2,0,14,5,10,4,21,9,4,19,1,5,51,4,3,8,1,7,2,50,6,3,5,13,2,4,19,2,4,6,13,6,10,21,3,3,49,4,6,27,1,13,1,9,5,1,1,20,1,0,8,4,4,4,10,4,3,12,2,0,44,8,4,13,1,4,2,12,8,1,2,3,0,1,10,3,6,34,38,5,19,34,3,1,28,5,30,38
906797,3,12,4,5,11,0,6,13,4,1,18,2,14,3,26,14,7,30,4,2,42,5,9,28,4,8,8,24,10,2,7,14,8,2,23,13,14,10,30,7,9,34,6,1,63,5,7,38,3,9,4,6,4,4,2,19,3,4,9,6,10,5,15,8,4,17,6,0,43,5,4,15,2,15,4,4,12,1,1,3,0,2,27,9,8,30,57,13,10,37,4,4,53,10,37,48
924105,4,8,3,12,8,6,7,20,1,3,19,1,10,7,20,12,2,18,4,5,59,4,8,15,3,15,1,53,9,2,4,14,3,7,26,6,7,6,15,5,10,25,5,4,45,5,6,26,4,12,1,13,11,4,6,18,1,0,14,5,9,11,10,10,6,13,7,6,39,4,3,16,3,9,6,20,5,1,3,5,0,1,30,8,8,2,15,6,3,25,4,2,36,2,11,25
908118,8,16,1,2,9,3,1,11,1,2,22,3,9,2,22,3,5,17,3,1,43,3,6,13,5,8,1,6,9,1,6,20,2,5,29,3,4,3,9,4,4,20,2,3,58,9,8,23,6,14,1,3,4,2,2,9,2,1,4,2,3,4,17,7,5,12,5,3,49,9,6,17,2,8,2,3,12,4,3,5,1,1,19,2,4,6,16,3,4,25,2,2,27,10,7,20
910926,10,21,8,4,17,8,4,21,12,1,38,5,13,12,31,9,6,16,1,4,80,6,10,26,8,17,15,19,20,7,3,23,24,4,42,5,8,3,26,13,10,31,5,7,59,9,14,35,6,14,3,8,9,8,5,17,16,2,21,4,13,4,22,14,4,18,3,5,61,6,10,27,3,11,11,9,13,12,1,6,11,5,36,8,6,10,21,6,9,20,2,3,46,10,23,26
908440,3,7,1,2,10,3,6,6,2,3,18,1,4,3,18,4,2,14,1,1,40,5,3,13,2,10,1,2,13,1,6,16,4,5,29,3,8,5,14,3,8,22,9,6,40,12,7,15,3,8,2,4,5,1,3,3,1,1,11,2,4,4,11,5,2,11,4,1,43,5,5,11,1,10,1,2,10,1,1,5,1,1,9,3,1,6,14,5,3,22,4,4,37,5,15,14
753552,7,24,2,4,9,3,7,18,1,3,21,5,8,9,19,9,6,19,3,4,57,8,6,17,6,13,5,20,20,1,8,24,1,6,38,10,11,7,19,6,16,25,5,5,77,2,10,25,5,11,4,2,12,4,1,8,7,1,12,3,3,5,8,13,8,26,7,0,61,5,6,27,5,12,2,7,6,0,1,10,1,2,37,2,9,8,21,3,6,21,4,1,49,7,20,25
1299075,1,7,0,0,9,1,1,5,0,1,15,0,5,1,16,5,3,17,3,1,43,2,2,17,3,9,0,5,14,0,2,13,2,2,16,3,6,7,8,2,5,19,3,0,41,2,10,16,1,1,1,0,6,1,0,8,2,0,7,2,0,1,4,3,4,21,6,4,37,3,3,12,1,7,4,0,5,0,2,5,1,1,20,1,2,2,11,3,6,15,3,0,38,5,6,15
908135,3,14,3,1,12,2,3,22,0,1,25,3,6,8,24,8,10,17,2,4,66,3,5,13,2,9,2,4,11,3,3,24,1,3,27,6,5,2,17,6,11,33,2,6,62,5,10,24,7,14,3,2,6,1,2,8,3,4,16,5,4,4,10,5,2,22,5,0,44,6,3,15,4,8,3,0,8,0,3,7,4,1,23,4,6,2,15,3,6,26,2,1,34,7,18,18
907066,4,10,1,0,8,3,4,6,2,2,17,3,7,2,12,7,3,10,0,1,39,4,4,14,5,7,1,2,7,3,2,13,5,2,18,5,5,5,13,3,5,14,1,5,53,1,2,16,1,5,2,3,2,0,2,7,3,0,6,3,6,2,9,3,3,13,3,2,30,2,2,17,4,8,2,0,4,2,1,5,0,0,13,3,3,11,22,5,8,18,2,0,31,7,12,24
724828,7,13,5,2,16,4,3,20,1,0,30,5,8,2,27,10,3,25,4,3,74,6,6,17,2,8,1,3,14,3,4,16,5,4,31,4,10,8,24,6,8,29,4,2,66,5,15,27,4,9,4,3,5,1,5,20,5,2,8,4,9,7,20,9,4,26,7,4,36,3,6,21,2,7,5,5,12,2,0,16,3,1,32,6,4,7,18,6,9,33,3,2,43,10,13,16
905935,15,20,14,15,9,14,8,26,17,4,25,7,36,11,70,41,5,41,25,8,105,37,9,73,7,17,5,56,18,11,7,42,35,5,47,17,95,18,68,112,13,47,44,7,87,134,21,79,5,10,8,20,19,7,6,40,18,0,21,10,36,7,88,48,17,66,25,15,85,26,5,104,3,24,9,9,21,7,0,13,15,1,39,8,42,11,37,52,15,55,12,5,41,57,18,57
909704,13,22,8,2,14,1,5,10,0,0,21,5,5,4,28,8,5,20,1,6,53,2,7,12,7,8,1,7,5,3,8,14,3,5,24,2,3,5,12,3,11,26,3,4,75,4,9,30,5,11,1,0,7,2,2,10,1,0,10,3,8,3,12,7,4,14,6,3,49,3,6,20,2,13,4,1,7,1,1,8,0,1,24,5,5,13,30,5,5,29,3,7,34,7,17,26
909749,10,19,4,3,12,5,4,12,4,3,26,2,7,3,27,8,6,21,4,0,52,4,12,24,6,8,4,6,8,3,1,20,6,2,40,10,12,9,19,10,13,26,5,3,69,9,12,28,4,5,3,2,6,2,6,10,6,3,12,2,3,5,10,7,8,17,7,4,45,6,5,23,2,10,6,2,11,4,1,7,3,4,18,2,7,7,17,8,7,24,1,5,36,11,13,27
687459,1,8,1,0,4,3,2,8,2,3,18,5,6,3,19,10,6,12,8,1,35,1,3,16,3,2,0,0,9,0,4,13,3,2,18,3,2,4,14,9,2,18,2,3,51,3,6,21,2,4,1,2,3,2,1,9,5,5,5,5,5,5,12,6,3,8,8,1,30,1,2,16,1,7,1,2,3,1,3,5,0,1,17,4,4,26,33,7,16,27,5,4,32,5,29,27
906839,7,12,0,3,10,1,5,12,2,2,15,1,8,5,16,7,2,16,4,4,36,3,6,16,4,6,2,7,5,2,6,18,3,7,21,2,8,6,22,7,7,13,4,4,56,1,6,14,3,10,1,1,11,1,7,7,2,0,13,2,4,3,14,7,3,11,3,2,45,1,4,17,5,6,2,2,10,0,0,10,2,1,16,1,4,6,13,5,4,22,1,1,33,5,6,12
724838,6,3,4,0,4,2,2,9,1,0,7,1,5,5,13,7,5,15,1,0,24,3,3,6,2,6,2,1,4,3,2,4,1,1,16,2,6,5,5,2,3,13,0,1,27,4,2,7,4,4,0,1,6,1,1,4,1,0,4,3,6,1,7,8,2,15,2,0,13,2,1,7,1,3,3,4,6,0,0,3,1,4,19,1,3,11,20,5,2,17,2,1,29,8,8,14
906868,6,4,3,2,6,0,5,13,1,1,14,1,9,8,12,5,1,15,4,3,49,2,7,14,3,12,2,6,9,1,3,13,2,5,23,2,4,1,17,4,10,14,5,4,48,3,4,18,2,7,4,1,3,1,3,3,3,1,13,6,2,2,14,6,3,9,1,2,30,7,5,12,5,11,3,1,10,2,1,6,0,2,12,1,4,4,15,3,9,12,0,1,24,5,13,13
907312,8,13,4,2,10,3,6,14,2,3,38,4,9,10,12,8,3,14,2,2,48,1,6,19,5,15,1,5,15,1,6,20,7,2,38,4,6,5,23,5,10,35,7,5,80,8,9,27,6,10,0,2,7,2,2,6,3,1,9,2,7,4,13,8,4,16,3,1,50,7,2,23,1,9,5,1,6,3,3,6,2,0,31,5,6,5,17,4,9,17,5,4,39,6,14,17
907042,3,9,1,0,4,4,2,10,2,1,13,1,3,2,15,8,3,15,0,3,32,2,2,7,5,6,0,3,7,0,6,13,2,3,18,5,6,5,17,2,4,16,5,5,40,2,6,15,1,4,2,1,4,1,5,4,1,1,5,0,2,2,15,5,4,8,2,2,36,5,5,12,0,5,6,1,6,2,1,7,0,0,14,5,1,2,16,7,1,21,3,1,21,5,6,13
909780,8,15,3,3,10,3,6,12,4,1,19,4,10,8,21,7,3,23,3,1,51,2,5,9,6,6,2,7,16,2,3,15,1,6,28,3,9,5,21,10,10,24,5,6,48,7,4,17,3,10,4,2,4,1,3,10,9,6,11,4,8,2,13,7,6,16,6,3,40,3,2,13,1,9,4,0,11,0,1,8,1,4,26,7,11,30,67,7,23,50,1,5,45,12,56,47
949094,2,11,2,1,9,1,2,10,1,0,15,4,5,2,11,5,4,8,3,2,52,1,2,14,1,4,2,1,8,1,3,7,1,3,24,2,4,2,17,1,3,16,5,2,45,2,5,17,3,8,1,1,6,2,0,5,2,0,9,2,5,2,9,4,8,16,2,1,33,2,6,7,2,8,4,0,3,4,0,4,0,1,22,1,2,2,15,4,5,14,1,2,33,7,6,13
687457,2,12,3,3,10,4,7,11,1,2,26,3,4,2,30,9,5,14,4,3,58,2,7,23,2,7,1,3,4,2,9,19,3,10,34,8,7,5,19,7,11,13,4,2,63,0,8,21,3,4,1,0,3,3,6,8,3,4,7,9,3,5,17,9,3,16,4,2,45,3,4,17,3,7,6,1,12,0,3,10,1,1,26,4,6,9,22,5,7,27,4,1,42,6,10,18
909750,7,11,3,0,6,1,4,12,1,0,13,1,5,6,19,5,3,11,1,1,135,4,4,17,3,2,0,3,14,5,7,16,3,3,15,5,3,4,12,9,8,23,2,6,105,5,6,18,2,4,1,1,6,1,4,11,1,0,1,0,3,2,9,6,2,10,2,0,81,5,2,11,0,5,3,0,8,1,0,7,0,2,7,2,3,2,13,4,3,21,1,2,62,3,4,10
687586,6,18,5,3,9,2,4,13,3,3,23,3,8,9,27,8,6,28,2,4,66,1,13,24,4,11,3,3,20,1,7,21,4,6,29,6,5,5,22,4,11,27,9,5,86,4,5,29,5,13,3,0,7,2,4,11,3,3,12,4,4,4,16,7,8,23,5,2,64,3,5,21,0,11,6,1,8,3,0,14,0,1,25,5,4,6,22,4,8,22,5,3,42,6,12,28
906798,10,16,4,8,19,5,6,15,8,3,25,13,12,5,45,9,4,35,2,2,189,7,6,35,7,11,3,17,22,5,7,28,5,3,31,6,12,3,28,17,9,42,4,1,151,33,4,38,4,16,1,5,21,6,1,9,4,1,12,6,7,7,39,14,3,73,1,1,181,10,4,38,5,12,9,4,21,5,2,12,1,2,18,4,5,6,22,4,7,33,3,2,97,17,8,34
687588,7,7,1,0,4,2,3,13,1,1,12,0,2,4,25,4,2,18,0,1,40,6,1,10,2,2,0,1,14,2,3,13,4,1,15,2,0,6,9,3,9,21,1,3,37,3,7,11,3,8,1,0,4,0,4,11,2,1,13,5,7,3,7,6,4,15,3,2,36,4,5,17,2,5,3,3,8,3,1,1,3,0,17,2,2,3,11,1,5,16,2,3,37,8,7,11
753584,3,12,3,3,14,0,4,10,3,4,22,3,6,6,14,7,3,17,2,1,52,5,3,20,0,12,0,7,4,0,4,15,3,2,23,8,4,2,18,7,9,26,2,3,58,7,6,21,3,8,1,0,5,2,3,5,5,0,8,6,3,4,12,9,1,17,4,0,29,0,3,13,1,9,1,2,7,1,0,9,4,3,14,3,8,12,28,3,8,21,3,4,34,4,11,27
905983,2,12,5,4,8,1,6,11,1,1,16,1,10,4,19,11,5,21,0,3,54,2,7,15,3,10,2,3,12,3,4,11,4,6,21,2,3,2,18,5,10,20,5,1,54,8,7,27,4,6,2,4,8,1,4,12,2,2,5,5,6,6,7,8,7,28,5,1,48,3,1,11,2,5,7,3,6,3,2,4,0,0,14,1,2,1,18,9,2,21,4,2,25,6,6,26
906853,5,7,4,1,8,3,6,8,2,2,18,2,7,5,18,10,2,17,4,2,62,8,2,19,2,7,0,12,5,1,2,18,2,1,17,5,6,5,17,4,7,21,7,3,46,6,7,23,4,6,1,2,10,3,3,5,3,2,8,2,7,6,12,11,4,11,8,3,31,7,3,13,4,8,3,2,9,3,4,9,3,2,14,3,8,6,14,3,8,24,1,1,24,11,11,16
907065,3,14,5,2,18,2,2,10,6,4,25,2,7,3,22,7,6,18,2,1,43,3,7,11,1,7,0,4,14,3,6,24,3,4,25,2,9,6,13,8,14,27,4,1,71,2,6,18,2,8,1,2,3,0,3,12,3,1,9,2,10,7,18,5,3,11,4,2,35,2,6,15,4,6,3,1,5,1,2,12,0,2,15,2,6,18,35,4,12,25,2,2,41,4,14,31
687590,6,14,3,0,16,1,2,11,2,1,20,2,10,7,25,12,4,28,1,0,55,1,9,15,7,5,3,6,7,2,6,12,3,6,18,1,4,5,12,4,6,26,4,1,49,6,8,21,3,5,3,0,4,2,1,7,4,2,8,3,5,7,14,6,2,15,4,1,40,2,1,11,1,12,3,0,12,2,0,1,2,1,18,3,5,3,13,6,6,23,5,1,38,3,7,15
907069,2,12,2,4,10,1,5,16,3,5,15,1,9,5,13,9,3,14,2,0,52,3,4,8,4,12,0,7,15,5,5,10,3,4,19,4,9,5,23,7,10,23,7,3,65,2,7,20,1,8,2,3,6,1,4,6,2,0,6,2,7,4,10,4,5,10,8,1,32,6,2,9,2,9,1,4,5,1,1,9,2,1,12,1,7,4,19,7,9,23,1,2,36,3,9,16
1290730,7,17,1,3,12,1,1,9,1,2,28,2,9,5,21,7,6,22,2,5,52,4,6,14,5,12,9,5,11,0,6,15,3,4,27,1,6,8,12,7,14,30,3,3,56,6,9,28,7,11,1,0,5,0,4,12,1,0,8,6,3,3,16,12,2,17,7,3,30,4,5,17,2,11,3,2,11,0,1,3,0,3,10,6,4,11,18,7,5,33,4,2,34,3,15,21
688087,5,23,5,2,15,2,5,18,4,1,26,3,5,10,42,13,9,29,6,1,86,5,6,24,6,11,2,10,15,2,7,21,8,8,29,3,6,8,23,11,13,25,1,5,86,1,10,39,5,10,1,1,11,2,3,11,3,4,12,5,13,5,15,6,4,19,7,4,47,5,4,27,7,9,3,1,11,1,2,9,0,1,28,3,4,7,17,12,12,28,2,6,43,9,10,26
909719,8,17,5,6,17,6,5,8,5,3,34,3,16,14,31,11,5,26,8,2,84,1,10,17,7,10,7,18,9,5,11,21,7,7,29,1,3,5,18,10,10,29,5,1,93,3,9,30,5,12,2,1,3,3,2,12,2,3,9,5,5,4,16,5,6,25,7,1,63,2,5,22,4,11,5,3,11,3,2,9,1,1,41,8,7,6,22,7,12,37,2,3,43,8,15,33
687452,20,56,8,6,39,6,7,28,6,3,74,12,19,17,67,31,5,60,13,5,175,13,18,43,15,43,4,29,42,8,17,71,13,9,97,11,17,17,49,19,25,62,13,8,170,9,17,81,8,24,5,9,23,9,12,30,8,9,26,15,11,11,44,21,19,37,13,8,119,13,13,45,6,33,16,6,29,7,6,21,5,7,76,12,18,28,76,13,22,53,7,6,104,31,56,58
906820,3,19,2,5,10,4,2,13,4,2,24,6,10,5,20,10,3,20,3,0,54,2,3,19,6,11,1,3,7,3,3,17,2,5,23,4,6,5,15,5,5,25,4,3,50,5,6,19,0,9,2,0,7,5,1,8,3,1,5,4,7,7,17,6,1,15,5,1,51,7,4,18,2,9,3,3,7,2,2,5,0,0,28,3,3,5,19,5,2,28,2,2,26,13,18,19
724812,2,19,1,3,8,1,3,15,1,3,22,2,6,5,18,6,4,18,4,0,48,6,6,11,7,10,2,5,10,3,9,8,2,2,21,3,7,1,21,6,11,20,1,1,47,5,6,17,6,6,0,3,5,2,2,6,2,2,12,3,5,3,11,6,4,18,4,0,42,2,6,12,2,6,1,1,5,2,0,3,2,0,22,1,4,8,28,6,6,12,4,0,26,5,17,17
717431,0,8,3,2,9,1,2,10,2,1,9,1,1,6,17,6,5,14,1,3,50,3,7,15,6,4,3,8,4,1,4,11,1,3,24,2,13,6,15,5,7,20,2,5,52,3,3,16,5,6,1,1,2,4,4,10,1,2,4,0,6,3,11,6,2,12,3,0,34,0,2,19,1,5,0,2,3,2,2,3,2,2,13,3,3,4,9,5,9,26,3,2,36,2,10,23
687455,4,10,2,3,10,3,5,12,2,3,18,3,5,5,20,8,4,23,3,3,64,3,6,18,3,3,1,5,5,3,6,8,4,4,32,5,9,2,22,11,9,22,1,1,53,6,5,27,1,7,3,1,6,3,2,11,1,3,13,2,9,6,18,8,3,16,5,3,46,7,11,23,2,13,4,0,10,1,4,6,0,2,20,3,5,2,15,3,4,28,3,3,31,6,12,22
907057,2,16,1,1,9,3,3,15,0,2,19,8,6,3,16,10,6,16,4,3,59,5,2,20,3,11,4,9,13,6,10,17,7,3,26,1,5,7,15,10,6,17,4,1,47,6,7,26,1,2,1,3,7,2,1,3,1,1,7,4,6,2,10,3,2,14,4,1,46,7,4,24,4,4,3,3,12,1,0,9,0,0,27,7,7,6,10,5,5,17,0,0,29,6,8,12
1240170,3,5,2,2,6,3,4,15,3,5,20,4,14,6,21,8,2,12,3,1,47,7,8,11,7,17,4,3,11,3,4,19,1,3,22,7,8,9,24,2,8,26,6,10,39,3,12,26,3,14,4,1,9,2,3,9,1,1,5,1,9,3,14,6,1,17,4,1,34,4,4,17,4,10,10,2,7,1,1,10,3,3,17,6,12,10,16,7,10,30,3,1,38,13,17,17
1240216,3,7,5,4,15,5,4,15,4,2,31,5,5,2,18,6,2,21,2,4,63,4,5,10,6,8,4,9,18,5,1,20,4,2,19,6,12,10,26,5,9,26,5,1,87,1,9,35,5,7,2,3,5,2,3,9,7,3,10,6,6,3,16,3,5,12,2,1,56,10,6,26,1,14,3,1,3,0,2,13,0,0,20,7,6,5,21,7,15,12,1,3,51,6,14,28
1240159,8,8,2,2,9,5,6,8,2,4,22,4,11,8,23,6,6,16,1,3,64,5,6,32,2,11,2,7,15,1,6,22,4,3,31,4,13,2,19,5,7,25,5,2,65,8,3,19,6,10,2,2,4,7,3,9,2,3,9,6,5,6,15,9,2,15,4,2,52,5,2,17,1,14,5,1,11,2,2,7,1,2,26,4,4,6,22,4,3,15,1,5,51,7,4,20
924102,5,16,3,8,12,4,6,9,4,1,23,3,6,4,16,11,7,15,4,3,53,3,4,13,3,15,2,13,7,0,0,18,3,5,24,7,7,5,19,8,7,18,3,4,50,3,4,13,5,8,2,5,3,6,3,12,1,1,2,6,7,1,19,3,7,20,4,3,53,4,3,15,1,9,4,7,5,0,1,6,0,0,23,2,7,16,30,6,7,17,1,4,28,3,17,22
1240169,2,7,2,1,8,2,6,7,1,2,18,0,15,6,21,5,1,23,3,4,48,2,2,12,6,7,0,8,9,3,5,9,3,1,18,4,9,6,12,4,6,17,3,4,34,6,6,17,1,9,0,2,5,2,2,3,1,1,6,1,12,1,9,3,5,13,0,1,33,3,0,12,4,3,3,0,8,3,0,1,2,1,12,2,9,2,11,4,2,15,2,3,30,5,5,16
1240160,9,13,6,4,11,4,3,21,5,4,25,0,10,8,35,10,5,23,0,1,55,8,13,18,3,16,2,9,11,3,4,26,2,4,41,13,14,8,30,12,13,31,1,3,59,10,12,31,8,5,6,4,6,3,1,11,3,3,5,6,9,6,20,11,6,25,5,6,48,2,5,18,2,11,4,0,6,0,1,12,2,3,24,3,8,3,22,11,8,16,4,4,45,9,13,16
924104,4,17,3,6,11,4,2,8,5,5,19,5,11,6,35,11,8,20,0,3,58,2,3,12,5,12,1,16,11,4,4,17,6,4,28,3,9,5,21,15,8,25,10,5,56,4,5,22,9,19,1,11,9,3,8,13,3,0,8,0,6,8,13,6,4,20,4,0,43,4,6,18,5,7,7,4,9,2,4,7,2,2,19,6,8,11,28,11,11,29,4,2,37,4,15,26
1240168,6,6,5,0,12,2,4,13,7,6,13,3,13,9,16,9,3,14,2,2,46,6,5,11,5,7,0,4,8,1,1,14,5,2,18,1,9,10,21,10,8,29,2,2,35,4,6,26,5,10,1,6,4,1,5,7,1,2,5,4,10,6,9,3,6,6,4,1,27,5,7,13,1,5,4,0,6,3,1,7,0,1,12,6,16,8,12,7,10,21,2,4,22,11,7,24
1240150,3,10,1,3,7,2,2,8,2,0,20,5,10,2,18,8,6,16,3,4,49,2,0,8,1,5,0,6,6,2,2,17,2,6,19,3,7,3,17,10,8,22,6,7,52,7,4,19,3,9,0,0,2,2,7,6,4,2,10,4,8,4,8,13,3,16,2,1,38,4,6,16,2,8,2,1,9,1,0,8,4,2,24,5,6,4,10,10,4,22,2,3,29,8,8,13
924238,8,13,4,11,9,2,6,13,3,5,27,3,17,9,27,10,5,18,2,2,45,3,8,20,3,9,1,34,18,1,3,17,4,7,29,5,2,9,25,6,6,23,3,3,57,8,7,25,1,10,0,10,5,3,4,21,3,2,8,5,6,5,23,3,5,12,7,3,50,5,9,19,3,7,2,6,8,2,1,7,1,4,19,2,5,7,24,7,5,23,2,4,32,3,18,20
753618,5,8,3,2,10,4,1,13,4,3,15,4,18,7,19,10,3,13,8,0,40,8,6,13,3,7,1,2,10,5,6,14,3,4,25,3,24,7,19,7,10,19,11,5,60,8,1,24,2,6,1,5,5,1,4,5,3,0,13,6,14,7,9,8,4,10,2,3,20,11,3,7,3,7,9,1,11,1,0,9,3,1,18,4,10,2,12,9,3,29,3,2,31,11,10,6
1240158,3,12,1,1,13,4,6,16,3,7,16,6,7,3,25,13,2,15,4,2,66,4,3,14,4,10,2,6,10,3,2,11,7,4,38,3,8,5,11,7,7,24,5,3,68,2,8,17,4,7,3,2,6,2,4,12,2,2,6,7,6,1,19,8,9,14,4,3,59,3,3,18,1,10,5,3,12,0,0,5,2,1,26,1,6,0,7,9,8,20,3,6,36,12,12,15
906835,9,12,4,3,12,2,6,19,1,2,14,0,4,4,10,12,7,21,4,1,57,4,3,17,3,8,4,4,9,3,5,19,2,7,19,4,3,6,14,9,8,21,1,0,64,8,5,29,3,5,1,2,3,0,3,8,5,2,8,6,5,5,12,9,3,25,6,2,45,2,2,18,3,1,3,0,10,0,2,4,3,1,16,0,3,3,15,4,7,34,2,4,40,6,7,14
1240157,6,16,3,3,14,3,9,8,5,0,27,4,6,1,27,6,1,15,2,0,54,4,4,15,7,3,3,5,9,3,8,17,6,5,22,3,9,6,15,4,11,26,1,3,64,6,12,24,4,8,2,0,7,3,4,10,2,2,6,6,8,2,15,8,7,14,5,2,41,3,10,15,2,14,3,1,5,2,1,12,1,1,27,2,10,6,12,5,5,8,3,1,23,7,11,19
1298151,3,13,8,3,16,2,5,7,3,3,24,0,9,5,25,10,6,19,1,1,64,8,5,22,6,14,1,8,12,1,5,20,6,3,35,6,5,5,19,5,8,18,2,1,72,5,9,30,5,8,2,4,6,4,3,8,4,2,7,4,3,3,15,6,3,14,4,2,43,3,4,14,4,5,1,1,12,3,2,10,3,3,25,3,4,4,11,7,5,18,4,2,42,3,9,13
930083,6,5,1,4,2,1,2,6,2,0,13,4,5,5,14,7,1,8,1,2,50,3,5,10,3,5,1,18,7,0,2,14,4,4,15,4,4,4,13,5,7,14,6,3,37,4,5,14,4,6,1,7,6,0,2,8,2,2,5,3,2,5,6,1,3,7,2,1,37,1,3,11,2,8,2,12,2,1,1,6,1,4,9,0,3,5,9,4,3,18,1,2,15,3,8,20
906873,6,14,3,2,13,1,1,14,4,3,11,5,2,4,20,6,4,15,0,4,55,4,5,9,2,5,0,1,11,4,5,13,5,3,26,6,7,4,16,5,6,16,1,3,47,1,7,23,3,1,1,2,4,2,3,4,4,0,8,4,2,4,11,7,4,18,5,0,29,3,5,20,2,5,2,0,7,0,0,2,0,2,12,2,3,3,14,5,2,19,1,1,33,3,9,15
910694,4,7,2,3,4,4,3,13,2,1,18,1,6,2,24,4,4,18,1,2,50,1,4,19,5,3,1,2,7,1,2,20,2,3,19,6,6,5,12,6,7,28,2,2,57,3,2,13,4,9,2,1,3,1,1,13,2,1,12,2,3,7,21,5,3,17,5,2,42,4,2,7,2,4,1,1,9,1,2,5,1,2,20,1,4,4,6,3,4,23,1,2,29,2,9,9
687592,7,12,3,4,18,4,4,11,3,2,27,6,10,9,25,8,2,17,2,1,70,6,5,23,6,11,3,11,11,2,10,22,4,6,30,5,6,12,39,11,9,26,5,4,84,5,11,21,6,6,4,5,8,5,1,9,3,0,10,7,5,4,25,7,4,15,3,5,60,10,7,25,4,14,4,2,6,1,2,12,0,0,31,6,11,8,16,4,4,30,5,2,46,6,14,24
1240223,4,17,4,3,19,3,5,16,2,0,17,5,7,6,13,5,3,20,2,1,52,5,5,20,3,10,1,2,12,2,6,15,4,3,26,1,6,6,13,5,15,17,1,4,60,8,5,22,4,4,2,2,4,1,5,15,3,1,5,3,10,5,19,4,3,14,1,0,35,6,5,17,5,10,2,0,9,1,3,10,1,1,23,1,2,19,41,5,13,38,5,6,37,8,26,20
909745,8,9,1,2,4,1,4,15,1,3,20,5,8,6,16,5,2,14,1,3,52,3,4,11,3,6,4,2,3,1,4,17,1,3,17,3,7,3,13,7,11,19,1,5,62,3,9,17,1,6,1,0,5,2,3,8,3,1,1,1,0,6,10,7,2,13,2,3,27,2,3,11,1,7,2,0,6,0,1,4,1,1,19,1,3,5,14,7,6,22,2,3,22,7,8,24
1240154,12,19,2,3,19,2,8,23,3,3,26,0,17,11,34,8,4,30,1,0,76,6,7,22,9,18,7,9,14,8,8,17,8,6,32,4,6,8,30,9,12,32,6,5,96,3,5,42,9,14,4,2,11,1,5,16,4,2,10,7,7,1,19,8,5,25,2,1,43,7,3,23,4,15,7,0,8,3,2,12,2,2,31,6,10,7,33,7,11,25,7,4,53,17,21,29
753616,15,16,9,15,20,1,6,11,0,2,33,3,22,9,36,8,3,26,4,7,78,3,5,27,3,18,2,68,13,5,5,32,4,5,28,8,14,12,28,16,8,32,5,5,81,16,9,34,2,13,2,12,12,6,4,23,4,1,11,8,23,7,22,9,11,18,9,5,55,6,4,20,6,14,7,16,11,2,1,9,2,1,26,6,13,12,16,17,10,30,4,2,45,27,17,27
906864,7,14,2,2,8,2,3,10,1,1,19,4,14,6,20,7,2,17,0,8,81,9,3,13,6,6,0,16,9,4,8,26,4,5,27,4,19,5,6,18,2,27,6,4,91,34,6,19,2,20,2,8,2,3,1,17,7,0,16,2,9,6,24,6,0,33,4,2,71,7,5,29,0,11,0,3,11,0,1,6,3,1,21,0,4,5,12,7,1,23,0,1,36,9,6,17
687561,5,11,1,2,11,2,2,13,0,4,20,2,4,7,15,5,7,11,0,4,53,5,3,19,4,5,2,2,3,2,4,14,5,4,13,4,8,3,13,8,7,26,0,5,45,5,2,12,1,5,2,0,4,0,4,6,3,1,6,3,5,3,9,8,0,15,6,1,34,4,3,7,2,5,3,1,5,0,1,7,1,1,12,1,4,1,11,3,4,15,1,3,22,5,6,18
924151,6,10,3,6,12,4,6,10,2,3,13,4,10,3,26,6,5,13,2,7,50,5,3,13,3,4,2,24,17,5,1,18,10,5,24,1,6,7,20,4,8,23,5,2,56,2,10,24,5,12,3,4,4,5,1,11,3,0,13,4,7,2,15,8,10,16,2,2,42,6,3,17,2,6,2,8,8,4,2,7,1,1,23,3,6,11,22,4,7,18,1,4,40,8,14,27
688086,8,15,1,1,13,4,2,14,4,2,22,2,6,4,20,4,3,19,0,3,64,4,6,14,2,4,2,3,11,4,9,8,2,3,29,7,8,3,16,4,7,20,1,6,75,3,4,25,1,9,2,3,6,4,2,4,2,1,10,1,7,2,14,9,6,17,3,2,44,5,4,14,5,14,3,1,13,1,4,4,3,2,24,3,6,6,24,2,5,22,4,4,31,10,10,21
906828,9,6,5,2,10,2,5,13,2,4,21,2,13,5,22,8,6,35,4,4,50,2,4,21,3,8,4,16,7,5,8,18,4,4,32,5,10,4,14,8,7,18,3,1,50,5,8,32,4,6,0,4,7,3,1,12,0,1,10,4,7,2,17,7,5,13,2,4,32,6,4,14,1,11,1,7,11,2,1,3,5,2,18,4,3,6,20,7,9,30,2,1,31,2,13,28
1298167,4,17,9,2,15,7,6,15,4,5,21,8,21,9,31,11,9,17,3,1,61,5,8,26,11,14,0,9,17,3,4,22,3,9,25,7,13,11,33,4,17,34,7,4,64,9,9,33,8,16,5,8,7,3,5,7,5,3,9,8,11,4,28,8,5,21,3,2,49,6,8,19,4,16,8,3,4,3,1,9,5,4,28,6,16,8,13,9,8,21,4,3,40,18,18,36
909716,10,17,5,8,14,4,8,9,3,3,20,4,14,3,23,11,3,20,4,5,55,4,5,20,3,11,2,8,10,4,5,19,4,7,32,5,6,9,19,6,8,40,4,2,52,8,8,32,4,8,1,9,5,2,2,9,3,1,9,4,13,2,17,7,3,10,1,2,55,4,6,13,1,9,1,4,6,7,0,13,2,2,20,5,6,5,14,8,9,21,0,3,48,9,18,18
906696,9,8,2,1,6,2,1,4,2,2,11,0,7,5,12,7,3,14,1,0,43,1,2,7,4,7,1,12,6,3,1,20,0,3,20,0,11,5,13,6,2,13,4,4,29,9,6,16,3,2,0,6,1,3,2,9,4,2,8,2,2,6,14,5,2,15,0,1,37,4,3,12,1,4,2,5,8,1,0,3,1,3,15,1,3,6,11,10,4,17,5,2,19,4,10,17
906795,3,12,3,4,13,2,8,12,2,4,17,2,6,6,20,5,5,14,1,2,38,5,3,13,3,6,2,11,19,4,2,10,5,4,22,4,7,7,12,14,6,26,2,2,72,8,6,9,0,7,2,9,4,1,3,8,1,3,3,3,6,3,17,3,4,12,1,2,47,5,5,20,1,10,2,6,8,1,2,4,0,2,14,2,3,4,15,6,8,23,1,3,41,0,9,14
909732,19,18,11,5,17,3,8,15,1,2,30,5,7,7,45,10,2,38,3,2,259,4,6,32,4,17,5,17,15,4,11,33,0,4,35,5,15,6,23,24,13,37,11,3,219,34,7,40,2,22,3,7,14,6,4,10,4,4,15,6,8,5,45,8,8,56,9,1,227,9,4,57,1,21,9,3,15,2,0,11,2,2,35,6,7,2,35,4,6,35,3,1,115,5,10,34
924248,44,86,20,21,80,13,25,78,15,15,139,25,32,43,164,42,25,115,24,14,332,21,34,89,33,80,12,27,89,22,40,133,25,26,189,22,28,37,122,35,66,137,22,23,370,25,35,149,29,54,13,14,42,18,19,57,10,14,66,18,24,24,87,25,32,100,28,13,246,29,25,122,14,59,25,13,56,4,14,50,7,15,169,15,22,27,92,33,41,94,11,16,192,37,53,104
971773,4,12,6,6,14,3,3,8,4,4,25,9,13,6,24,5,4,24,6,3,56,4,5,18,4,4,2,12,15,3,3,19,6,4,34,5,13,6,14,16,4,29,9,3,61,8,11,23,4,12,1,7,7,4,1,14,9,2,19,3,9,7,15,6,3,18,6,2,43,5,3,23,5,12,7,4,10,1,1,7,0,3,23,5,13,5,12,11,6,32,2,1,37,10,12,20
909264,1,13,3,7,4,3,4,6,3,2,16,1,8,5,18,5,5,18,3,2,46,6,6,8,6,8,1,15,9,4,2,21,3,3,21,2,5,7,10,8,11,20,5,5,49,2,6,27,5,5,0,4,6,2,0,4,6,0,7,2,8,10,15,11,3,14,4,0,25,3,9,20,2,9,0,5,5,3,4,4,0,0,14,1,2,4,16,8,7,12,3,0,24,3,3,19
1240166,12,17,3,2,14,3,12,25,1,2,35,10,14,15,36,7,6,22,3,2,79,5,8,27,7,17,5,9,18,8,8,31,5,7,44,11,13,9,31,5,20,33,6,2,74,13,9,20,8,13,3,5,11,1,7,9,9,3,11,7,18,4,19,9,6,23,5,2,54,7,10,33,0,16,3,2,19,5,1,13,2,4,36,4,18,9,26,12,9,30,4,7,55,14,20,30
906824,8,10,2,2,11,4,5,11,3,1,23,3,14,4,26,9,4,15,1,4,53,5,3,18,2,4,6,4,5,5,2,15,5,7,21,5,5,7,19,9,7,13,2,4,49,5,7,16,3,7,4,0,4,5,5,9,4,1,8,6,4,7,15,7,3,17,5,4,30,5,3,11,2,4,3,1,3,2,2,2,3,1,18,4,11,22,37,6,9,30,2,4,35,9,26,26
687514,4,9,3,0,9,1,3,8,0,2,16,4,8,4,23,6,7,24,3,6,71,3,6,10,3,7,1,5,7,1,2,7,4,2,29,4,5,5,16,5,9,17,1,1,43,2,3,26,0,8,0,1,4,1,2,9,1,0,10,0,4,2,20,10,3,11,3,0,34,4,2,16,3,8,4,3,6,2,4,5,2,2,19,1,8,6,19,8,4,31,3,3,36,9,15,24
946363,11,17,4,10,13,2,1,14,3,3,31,2,10,7,26,7,3,14,2,3,63,7,4,10,6,9,3,32,15,0,6,14,5,2,36,9,7,8,19,8,8,23,2,2,81,4,10,27,7,13,4,5,9,2,7,14,2,1,9,4,13,3,14,7,5,14,5,1,48,4,6,17,4,15,3,12,7,0,2,7,1,1,36,3,5,5,19,4,12,21,4,4,49,7,12,22
949154,7,13,3,2,13,3,4,12,2,3,27,2,3,6,13,7,4,23,1,2,65,6,5,18,3,15,4,6,20,4,7,30,5,7,38,5,5,6,20,7,16,15,4,1,62,5,4,35,6,14,2,1,4,0,0,9,2,3,10,6,13,5,24,10,7,22,0,2,39,2,4,11,2,7,4,4,8,3,1,10,1,2,23,3,16,47,88,6,19,30,3,10,50,16,44,63
930297,5,11,2,1,6,2,1,8,4,2,21,3,10,5,22,7,6,9,2,1,57,6,4,8,6,8,1,6,10,0,3,13,3,3,23,5,5,2,12,2,9,25,4,1,58,3,6,18,4,12,1,2,10,2,1,6,1,4,7,3,5,5,7,4,7,17,5,3,40,5,1,9,2,12,4,1,7,1,3,5,0,4,16,1,6,14,37,3,9,16,3,0,41,11,16,26
946357,6,15,5,3,11,4,6,14,3,2,26,1,14,4,24,11,8,12,3,4,46,7,5,17,2,6,1,5,13,0,3,25,1,3,27,6,3,6,17,4,4,17,1,2,61,1,10,16,2,12,4,2,3,1,3,9,1,1,6,3,2,1,13,8,6,12,4,1,36,2,7,14,1,9,2,2,8,2,3,9,1,3,26,4,9,8,24,4,3,15,1,4,31,8,14,20
949170,7,20,0,3,13,0,5,15,3,5,29,3,12,7,20,9,2,24,3,3,67,6,9,26,5,7,3,15,14,1,4,14,7,2,40,7,16,7,21,7,8,21,6,3,75,10,4,31,4,7,2,4,9,5,6,15,4,2,6,5,16,4,24,9,3,21,4,0,45,4,7,20,5,5,2,3,15,3,1,8,3,2,27,7,6,7,23,8,5,27,4,1,42,10,7,18
930298,7,20,1,3,13,3,4,12,3,4,31,8,10,14,18,7,9,14,3,3,84,3,7,18,3,12,1,2,16,6,5,24,6,7,50,12,6,6,18,1,10,33,3,4,67,8,7,30,8,11,2,4,4,4,8,13,5,2,8,7,5,1,22,10,5,18,4,2,63,3,5,29,3,14,4,2,8,2,2,7,2,3,27,3,16,34,34,5,14,25,2,4,44,7,30,34
908441,7,16,5,11,15,6,6,9,1,3,34,5,9,13,19,7,4,19,4,3,70,3,4,16,7,11,1,23,17,3,2,21,3,4,32,1,6,10,33,6,9,27,6,2,65,1,14,37,4,12,4,17,8,5,2,13,2,1,12,9,12,1,23,6,5,15,7,4,55,4,5,18,3,7,4,11,10,0,4,5,0,0,27,7,9,4,21,11,7,37,4,4,40,5,8,33
687505,12,23,8,2,17,3,9,29,0,1,26,7,6,9,36,7,4,21,4,2,165,6,4,24,3,19,1,2,28,5,3,52,4,6,36,8,13,5,15,18,6,16,7,5,137,35,8,23,2,18,3,1,11,0,5,17,3,4,22,7,4,5,49,5,3,61,8,3,122,10,2,56,2,28,3,1,35,0,1,16,0,3,27,6,4,1,21,4,0,26,3,1,72,13,4,17
949172,4,15,3,7,7,3,2,13,5,4,16,1,13,8,20,6,7,15,4,1,43,4,6,16,3,8,1,21,9,6,4,16,7,2,24,5,17,4,17,8,14,31,7,7,60,12,7,37,6,6,3,5,4,2,3,13,1,3,4,1,19,6,19,10,7,13,7,1,44,15,7,20,6,9,4,8,7,3,1,12,3,2,18,3,13,6,24,9,4,26,2,2,35,15,12,32
1240212,8,11,2,4,9,5,6,13,3,3,21,8,14,8,17,8,2,13,4,2,59,7,9,20,1,10,1,5,10,3,1,20,3,6,35,4,10,5,12,5,6,22,7,6,45,6,6,12,5,11,3,4,6,0,3,10,2,1,6,2,12,2,15,8,5,19,1,3,52,9,6,18,6,12,6,0,4,0,4,8,1,3,26,0,6,7,19,5,3,22,0,4,29,11,13,17
949177,33,52,6,16,57,10,15,53,10,7,98,16,32,30,105,30,17,72,9,8,221,14,32,79,17,38,8,28,77,5,20,87,18,20,117,12,21,24,80,29,33,85,16,9,237,24,19,89,16,31,7,7,37,15,16,37,15,8,35,12,28,16,50,27,26,73,16,9,164,24,22,79,13,45,13,11,32,7,9,37,8,7,94,12,25,12,89,23,20,75,5,12,116,25,29,77
1240179,6,18,2,0,12,1,2,18,0,5,16,4,12,6,16,15,4,21,2,4,43,3,1,25,3,6,1,3,10,5,7,17,4,4,16,3,4,4,16,11,12,12,5,2,57,8,8,20,3,5,4,3,6,5,3,7,6,0,7,1,2,4,10,8,2,15,6,2,45,4,4,18,2,10,4,1,9,0,1,6,0,2,17,2,6,6,15,6,5,23,2,2,32,4,11,15
949178,7,8,4,3,7,2,3,15,1,3,17,3,21,3,31,8,1,22,1,0,45,5,4,16,0,8,3,17,6,3,6,17,1,1,26,3,11,2,20,7,6,18,7,4,50,6,8,23,3,10,6,3,6,2,3,7,2,3,6,4,6,1,12,10,2,12,1,2,30,5,2,16,4,8,1,8,7,3,0,4,4,1,16,2,12,5,18,9,5,28,0,1,22,19,4,21
924107,8,8,1,4,17,2,7,14,2,3,20,2,10,10,20,4,3,18,3,2,75,8,3,15,4,8,2,5,9,1,2,22,2,4,33,3,11,6,15,7,8,22,3,1,62,4,11,18,2,7,1,2,12,0,1,8,3,1,8,3,3,7,15,4,2,16,2,4,37,3,2,11,1,17,2,0,7,0,2,10,3,2,14,2,8,5,22,9,7,20,0,2,29,6,10,18
949176,36,68,15,21,66,9,31,81,18,14,126,19,32,40,143,45,29,93,15,12,314,18,23,104,20,47,9,37,64,14,22,112,23,27,167,26,38,35,99,31,33,109,22,22,297,21,30,125,14,61,12,15,43,16,16,41,9,10,60,23,32,26,85,47,20,80,26,14,203,28,33,87,19,47,23,17,52,8,6,39,11,7,129,22,19,27,75,23,21,88,17,8,160,34,65,97
949174,3,5,3,6,12,3,6,6,1,1,16,3,5,10,28,9,2,15,2,1,41,2,4,20,9,3,0,17,11,2,3,15,2,2,14,6,5,9,15,2,8,21,4,5,56,6,9,22,1,6,1,4,3,4,2,11,2,1,13,2,7,4,12,1,6,14,5,0,27,3,5,12,3,5,3,4,3,1,0,5,2,0,21,6,10,2,17,4,6,28,6,3,25,9,10,14
907068,8,13,0,4,5,1,1,8,2,1,18,4,10,6,16,6,3,21,3,2,48,0,3,7,1,5,3,3,9,2,5,11,3,3,17,4,3,4,13,2,14,17,3,4,39,4,7,17,2,4,2,0,6,1,2,6,2,3,9,4,5,2,13,4,6,16,6,2,31,1,3,13,7,4,3,3,2,3,1,7,1,2,16,2,3,16,30,3,4,25,3,3,36,3,20,32
910941,4,9,3,5,7,1,4,7,3,4,23,4,8,3,13,1,3,13,2,0,48,7,2,18,5,3,1,21,10,0,4,15,4,5,23,3,9,9,11,5,13,18,6,4,51,6,8,28,1,5,2,1,6,1,1,7,4,2,9,3,7,4,24,15,3,8,2,2,46,4,5,16,4,5,5,3,10,0,0,3,0,2,18,4,4,4,10,5,8,29,2,3,24,13,8,13
906843,4,7,2,1,6,2,1,9,1,1,18,0,7,4,17,14,1,16,2,3,44,6,9,16,5,13,1,11,8,2,1,14,4,2,25,3,1,4,10,9,3,19,2,4,41,2,11,20,6,10,3,0,3,1,3,5,3,0,10,2,6,4,15,4,3,13,2,2,22,1,1,24,5,8,1,0,6,6,0,5,0,2,16,3,8,14,25,11,15,28,4,1,30,6,30,20
907170,9,11,6,13,9,5,3,10,4,6,17,6,8,7,33,16,6,30,2,1,58,6,6,23,4,10,2,27,11,4,8,19,2,6,26,3,14,4,23,13,12,24,2,4,61,2,13,26,2,14,4,6,7,6,4,16,3,4,9,5,14,5,15,6,8,14,6,2,34,12,8,18,1,15,4,3,7,0,3,9,1,4,25,3,15,6,22,12,2,30,7,5,42,16,9,15
906861,14,17,5,16,18,3,9,14,5,2,34,3,13,6,30,9,4,19,1,2,63,3,10,19,7,11,1,75,15,4,2,25,2,7,41,8,14,5,28,17,13,33,6,6,75,11,5,32,3,18,5,14,9,1,7,25,5,3,10,7,14,6,20,9,9,14,2,6,62,6,6,18,3,12,9,24,12,1,0,12,0,3,27,4,7,12,20,3,7,31,1,4,41,4,14,27
1298134,25,37,16,14,53,9,13,35,9,10,67,6,29,25,72,29,22,59,11,7,209,17,19,66,10,47,6,77,58,17,18,83,15,15,103,15,23,22,68,32,33,94,17,8,232,19,21,80,15,39,5,18,34,10,11,43,8,5,27,16,17,19,50,30,21,67,18,11,136,12,18,64,14,31,11,22,31,7,3,30,5,6,83,13,16,19,65,12,23,60,7,16,113,16,54,58
910695,5,19,6,7,10,6,3,13,1,3,24,6,11,5,28,10,6,18,3,3,68,3,8,21,5,13,1,16,12,2,12,22,5,6,38,5,5,2,25,11,11,24,3,3,77,4,8,33,11,6,1,4,9,3,8,8,5,1,10,5,7,6,12,6,4,23,1,5,51,3,7,22,4,12,3,10,7,0,5,8,0,1,27,2,5,14,32,9,17,23,2,5,38,11,30,26
949173,10,9,6,4,7,5,1,5,2,0,15,4,9,9,17,3,6,13,4,0,49,6,3,13,4,9,0,21,6,1,7,13,5,3,23,3,7,5,13,9,5,28,5,3,64,10,3,14,0,5,1,8,0,2,3,14,0,1,11,2,8,4,13,12,4,14,3,4,30,5,6,22,2,5,2,5,6,0,4,7,2,0,25,2,2,4,17,4,7,19,1,2,20,9,9,24
949175,14,12,3,5,11,2,5,14,9,3,31,2,15,3,28,7,2,26,7,1,60,10,9,14,6,4,0,23,10,5,9,13,5,0,31,3,19,8,24,11,8,32,4,1,68,15,7,30,2,7,5,5,6,2,4,18,1,2,9,8,20,5,16,18,5,10,5,1,35,13,6,18,3,8,3,4,7,0,3,10,1,2,28,3,19,4,13,18,6,26,4,4,35,30,7,27
924247,6,13,5,6,7,2,3,10,4,1,25,2,11,4,27,9,5,10,1,2,69,4,4,12,3,9,4,6,9,2,3,13,4,3,29,6,8,13,13,11,9,29,3,2,63,3,9,19,4,6,0,3,9,2,1,2,1,1,5,4,6,4,14,5,5,14,3,2,33,6,5,17,4,12,5,5,4,1,1,5,1,3,13,3,3,10,12,7,8,22,6,2,27,4,7,19
909758,6,18,6,3,10,4,5,11,4,2,18,1,10,5,19,6,2,20,5,0,51,3,8,21,3,12,0,18,12,2,6,21,6,2,17,2,17,6,18,9,11,24,7,3,50,12,5,19,2,12,3,7,6,4,6,11,1,1,12,6,6,8,12,5,2,18,6,2,46,5,5,16,3,5,3,5,8,0,0,6,1,0,14,2,3,5,19,7,5,29,3,2,34,14,9,20
910781,13,47,14,4,52,4,9,36,5,3,36,5,9,7,37,11,3,31,4,3,80,7,5,27,5,26,3,23,51,4,6,81,4,1,38,2,13,5,28,26,13,40,15,4,106,50,4,34,4,35,0,6,28,5,10,24,17,3,28,7,6,4,61,6,5,69,6,3,124,7,1,72,4,40,8,5,78,2,0,25,3,0,45,3,7,7,24,10,6,59,3,3,49,16,13,28
1240127,25,149,16,17,164,25,29,188,11,13,111,68,30,7,37,22,10,34,8,0,83,31,10,28,7,147,10,13,251,27,16,372,21,10,242,16,62,6,33,51,6,51,37,10,147,123,10,59,9,148,14,5,115,43,19,261,26,8,131,29,16,10,35,24,24,75,10,5,119,15,11,46,10,193,19,7,251,10,6,208,6,6,197,16,11,9,26,17,7,46,1,5,61,39,22,44
925343,4,7,1,6,12,4,5,12,3,4,20,6,5,6,24,8,5,22,2,1,51,2,6,22,6,9,1,20,10,1,6,18,3,3,23,3,6,8,23,8,8,25,8,5,76,6,5,19,3,6,2,4,5,2,6,9,5,3,9,3,5,2,8,8,4,15,7,0,46,0,12,17,2,5,2,12,12,0,2,3,2,1,16,6,8,9,18,4,4,11,0,4,29,5,8,22
910691,14,15,5,9,30,1,6,22,4,3,23,5,6,8,29,11,5,25,6,3,62,3,9,25,8,20,5,23,29,5,6,43,1,3,52,11,10,7,19,17,12,32,6,5,75,22,5,27,6,15,2,5,17,3,7,16,2,0,16,1,9,7,19,6,5,50,3,2,77,6,6,27,4,7,4,7,43,5,3,15,3,1,30,5,4,3,24,7,3,29,2,7,43,7,19,22
909754,19,17,26,19,40,4,11,26,11,5,25,22,14,5,32,9,11,151,1,8,69,4,10,52,9,14,4,18,15,9,13,20,9,14,34,9,18,7,282,13,11,597,5,6,179,20,16,351,12,15,9,9,10,6,3,13,6,3,13,3,3,1,23,7,12,135,10,3,45,5,7,73,8,16,9,6,10,3,2,10,2,1,26,9,11,8,481,14,20,1454,2,5,371,15,16,366
924187,7,6,3,10,8,3,2,11,1,5,15,4,9,3,17,4,6,11,4,2,47,9,3,19,6,8,0,33,5,3,6,19,2,3,26,3,4,4,16,9,7,16,2,5,47,5,4,18,4,12,1,8,6,0,3,13,3,2,10,4,3,5,12,7,5,14,5,2,32,5,2,23,0,12,7,7,12,2,0,5,0,0,24,4,4,8,16,5,6,17,1,4,21,5,9,15
909756,8,10,3,5,17,0,3,18,2,3,22,4,5,6,27,7,6,26,6,0,65,6,9,26,4,7,1,16,16,2,5,17,1,6,25,3,14,4,33,12,7,45,4,4,62,6,11,35,8,11,3,1,7,2,3,8,1,2,14,2,9,5,10,10,2,28,4,2,52,5,5,23,1,12,3,3,7,3,4,7,3,4,20,6,7,6,34,8,3,84,4,2,58,5,9,34
930082,16,34,15,1,34,6,7,25,5,0,24,17,19,15,94,11,3,36,2,4,253,17,18,50,4,22,4,10,36,9,8,49,3,4,46,6,24,8,42,36,5,37,12,3,204,55,6,51,3,38,2,3,22,2,8,25,4,2,18,5,12,3,114,11,5,80,2,0,253,12,5,112,2,31,7,2,32,4,1,19,0,2,50,4,6,6,48,5,11,56,5,7,130,15,16,43
909759,7,11,2,7,4,1,3,10,1,4,13,3,5,4,18,7,9,30,2,3,56,5,4,10,3,1,2,10,8,2,6,13,3,4,18,6,11,4,40,7,2,70,5,3,66,11,5,39,2,8,2,3,3,2,3,9,1,0,8,2,3,4,10,4,3,11,2,2,38,7,2,16,1,9,1,3,5,3,1,4,0,2,13,2,1,6,48,9,5,120,1,1,64,2,8,50
1240174,14,53,10,13,37,12,17,103,9,4,69,19,23,12,99,13,9,70,5,8,111,21,14,114,7,36,3,10,91,4,12,271,7,5,160,7,37,8,72,44,10,96,21,16,115,113,11,204,6,46,0,3,29,10,9,118,12,4,51,7,14,10,160,10,7,161,2,6,147,27,17,266,2,34,5,3,83,1,3,94,3,0,81,2,9,7,43,6,11,53,10,5,69,13,9,88
907051,16,34,10,19,34,12,14,50,7,4,45,24,15,9,88,18,11,56,2,2,370,17,10,62,11,23,4,52,47,2,18,76,10,8,84,8,30,14,29,51,16,46,21,12,315,212,10,51,4,29,3,17,22,3,3,51,11,5,34,6,8,3,95,13,8,106,8,3,323,26,7,108,1,40,8,18,36,6,4,28,2,1,53,3,7,3,32,21,9,55,3,3,147,46,14,33
688121,5,9,4,14,7,2,0,10,1,2,13,2,12,2,15,4,4,10,5,5,45,1,4,19,2,11,3,59,11,0,5,14,1,4,11,1,3,6,14,9,8,21,4,2,53,0,10,25,1,9,1,18,10,2,4,17,1,1,11,0,5,4,14,4,4,20,4,3,41,3,2,9,4,6,1,23,8,2,2,10,0,1,19,1,2,5,10,5,2,28,3,2,31,5,7,22
908127,5,7,5,5,7,2,4,18,2,2,30,4,15,10,21,10,7,24,5,3,63,2,4,13,5,11,1,14,15,2,5,20,3,3,23,6,6,6,22,8,4,22,5,3,54,4,7,27,4,10,3,2,5,2,5,13,5,0,14,5,8,4,11,6,4,8,5,2,49,6,5,20,0,10,6,2,9,5,2,12,1,0,31,5,10,0,15,4,5,21,3,2,47,9,16,32
909720,6,7,1,2,7,2,3,11,1,3,13,2,10,2,17,7,3,14,1,3,37,5,4,9,4,3,2,10,7,3,2,14,2,3,19,2,4,2,16,3,4,20,2,2,40,4,9,26,1,9,0,3,1,2,2,10,2,0,7,1,6,2,10,1,3,12,2,1,37,4,6,15,2,3,2,7,3,2,0,1,0,3,16,0,2,6,9,1,9,21,1,3,28,3,9,13
1240149,11,14,2,6,5,0,5,10,2,1,21,3,9,6,26,3,6,16,3,0,62,6,3,18,3,8,2,3,8,1,6,16,1,4,20,2,7,5,12,4,4,22,8,1,51,6,5,26,1,6,0,0,9,4,2,6,0,2,6,0,8,3,5,7,1,14,1,1,30,6,5,14,6,6,2,0,9,1,2,5,0,3,16,2,2,3,22,4,5,23,3,2,28,14,7,19
906999,7,18,2,9,19,2,5,11,3,0,14,4,6,3,24,12,3,22,1,3,52,4,6,26,3,5,3,27,6,1,2,18,6,4,23,2,5,3,51,6,7,54,2,4,61,3,7,50,5,5,1,7,4,1,3,14,4,2,8,5,10,3,17,3,5,24,4,5,34,3,5,22,2,10,2,9,4,2,1,7,1,1,19,3,6,6,58,6,1,120,1,0,82,6,7,52
907064,2,8,2,6,7,3,2,17,1,2,17,2,8,2,10,6,5,15,2,2,56,4,4,15,5,11,3,26,9,3,4,12,1,3,22,3,6,3,18,8,13,25,1,1,53,4,8,14,7,10,0,5,5,3,2,12,2,3,8,3,9,5,13,7,5,11,2,4,46,4,4,14,3,5,1,11,11,1,2,11,1,1,23,3,2,2,10,3,4,21,2,4,26,7,8,17
910566,11,19,4,6,13,3,11,13,5,7,20,1,10,11,23,6,7,18,1,3,61,3,7,15,6,13,3,12,18,5,9,16,5,9,38,2,3,9,21,9,9,26,5,4,81,7,6,27,12,9,2,5,3,4,2,10,2,2,11,4,9,4,5,7,1,12,6,3,35,6,5,15,1,13,7,2,12,2,1,10,3,3,29,2,6,6,13,4,6,19,3,2,35,8,9,27
